"ID","SectorBranchesSIC2008","Periods","OutputBasicPrices_1","IntermediateConsumption_2","GrossValueAddedBasicPrices_3","OutputBasicPrices_4","IntermediateConsumption_5","GrossValueAddedBasicPrices_6","OutputBasicPrices_7","IntermediateConsumption_8","GrossValueAddedBasicPrices_9","OutputBasicPrices_10","IntermediateConsumption_11","GrossValueAddedBasicPrices_12","Total_13","WagesAndSalaries_14","EmployersSocialContributions_15","Gross_16","ConsumptionOfFixedCapital_17","Net_18","TaxesLessSubsidies_19","OtherTaxesOnProduction_20","OtherSubsidiesOnProduction_21","GrossValueAddedBasicPrices_22"
0,"300025","1995JJ00",587866,292992,294874,809171,408547,400377,NA,NA,NA,72.7,71.7,73.6,164700,138455,26245,128463,52469,75994,1711,3220,1509,294874
1,"300025","1996JJ00",624009,316394,307615,846978,433451,413421,4.7,6.1,3.3,73.7,73,74.4,171076,143731,27345,135450,54545,80905,1089,3297,2208,307615
2,"300025","1997JJ00",671992,343515,328477,893563,462293,431254,5.5,6.7,4.3,75.2,74.3,76.2,180613,152989,27624,147299,56842,90457,565,3295,2730,328477
3,"300025","1998JJ00",714756,364847,349909,943600,493277,450430,5.6,6.7,4.4,75.7,74,77.7,193708,154596,39112,156230,60092,96138,-29,3443,3472,349909
4,"300025","1999JJ00",762732,390927,371805,993791,521193,472791,5.3,5.7,5,76.7,75,78.6,208602,166229,42373,163425,64307,99118,-222,3865,4087,371805
5,"300025","2000JJ00",838703,436711,401992,1041403,548413,493296,4.8,5.2,4.3,80.5,79.6,81.5,225800,178225,47575,176139,70031,106108,53,4152,4099,401992
6,"300025","2001JJ00",887894,463290,424604,1064301,561025,503601,2.2,2.3,2.1,83.4,82.6,84.3,238391,190976,47415,186223,75517,110706,-10,4586,4596,424604
7,"300025","2002JJ00",908329,466741,441588,1061325,557556,504054,-0.3,-0.6,0.1,85.6,83.7,87.6,250067,198430,51637,191384,80232,111152,137,4789,4652,441588
8,"300025","2003JJ00",921468,468568,452900,1058386,552816,505713,-0.3,-0.9,0.3,87.1,84.8,89.6,256910,202614,54296,195653,83414,112239,337,4823,4486,452900
9,"300025","2004JJ00",955090,487551,467539,1079835,563606,516352,2,2,2.1,88.4,86.5,90.5,260672,204707,55965,206876,85731,121145,-9,5025,5034,467539
10,"300025","2005JJ00",1003573,517170,486403,1105796,578323,527651,2.4,2.6,2.2,90.8,89.4,92.2,264776,208631,56145,220715,88769,131946,912,5405,4493,486403
11,"300025","2006JJ00",1064260,548274,515986,1145948,599938,546213,3.6,3.7,3.5,92.9,91.4,94.5,274119,218250,55869,241167,92292,148875,700,5458,4758,515986
12,"300025","2007JJ00",1130668,583150,547518,1190797,624060,566969,3.9,4,3.8,95,93.4,96.6,290933,231327,59606,256648,96440,160208,-63,5589,5652,547518
13,"300025","2008JJ00",1190059,619172,570887,1213154,635389,577990,1.9,1.8,1.9,98.1,97.4,98.8,307355,242160,65195,263703,101072,162631,-171,6053,6224,570887
14,"300025","2009JJ00",1140435,586746,553689,1169733,611780,558157,-3.6,-3.7,-3.4,97.5,95.9,99.2,311679,245616,66063,243090,104435,138655,-1080,6548,7628,553689
15,"300025","2010JJ00",1177286,609529,567757,1177286,609529,567757,0.6,-0.4,1.7,100,100,100,310471,246542,63929,258266,106982,151284,-980,6762,7742,567757
16,"300025","2011JJ00",1236753,657163,579590,1208123,628971,579152,2.6,3.2,2,102.4,104.5,100.1,318040,251715,66325,261813,107068,154745,-263,6985,7248,579590
17,"300025","2012JJ00",1254164,670332,583832,1199046,624347,574694,-0.8,-0.7,-0.8,104.6,107.4,101.6,322825,253193,69632,260301,107897,152404,706,7218,6512,583832
18,"300025","2013JJ00",1252249,663714,588535,1195050,619677,575515,-0.3,-0.7,0.1,104.8,107.1,102.3,324595,254034,70561,262029,109362,152667,1911,8024,6113,588535
19,"300025","2014JJ00",1265728,668314,597414,1214501,630454,584159,1.6,1.7,1.5,104.2,106,102.3,327963,253880,74083,264780,110194,154586,4671,10472,5801,597414
20,"300025","2015JJ00",1277423,669563,607860,1243156,649619,593496,2.4,3,1.6,102.8,103.1,102.4,331798,261220,70578,272948,111851,161097,3114,9017,5903,607860
21,"301000","1995JJ00",20776,10797,9979,23352,14122,9185,NA,NA,NA,89,76.5,108.6,1676,1439,237,8223,2217,6006,80,298,218,9979
22,"301000","1996JJ00",21156,11505,9651,23234,14606,8748,-0.5,3.4,-4.8,91.1,78.8,110.3,1734,1489,245,8004,2262,5742,-87,273,360,9651
23,"301000","1997JJ00",22308,11636,10672,23883,14465,9384,2.8,-1,7.3,93.4,80.4,113.7,1786,1548,238,8880,2313,6567,6,281,275,10672
24,"301000","1998JJ00",21398,11620,9778,23604,14785,8928,-1.2,2.2,-4.9,90.7,78.6,109.5,1859,1534,325,7922,2385,5537,-3,275,278,9778
25,"301000","1999JJ00",21134,11691,9443,24639,15144,9527,4.4,2.4,6.7,85.8,77.2,99.1,1991,1620,371,7629,2476,5153,-177,275,452,9443
26,"301000","2000JJ00",22349,12312,10037,24847,15249,9625,0.8,0.7,1,89.9,80.7,104.3,2102,1680,422,7933,2644,5289,2,289,287,10037
27,"301000","2001JJ00",23153,12811,10342,24199,15207,9099,-2.6,-0.3,-5.5,95.7,84.2,113.7,2209,1797,412,8161,2796,5365,-28,339,367,10342
28,"301000","2002JJ00",22880,12880,10000,24338,15279,9162,0.6,0.5,0.7,94,84.3,109.1,2350,1910,440,7555,2922,4633,95,339,244,10000
29,"301000","2003JJ00",22825,12685,10140,24257,14877,9403,-0.3,-2.6,2.6,94.1,85.3,107.8,2374,1900,474,7849,2983,4866,-83,309,392,10140
30,"301000","2004JJ00",22600,13175,9425,25096,15161,9910,3.5,1.9,5.4,90.1,86.9,95.1,2326,1877,449,7208,3056,4152,-109,311,420,9425
31,"301000","2005JJ00",23241,13475,9766,25170,15224,9923,0.3,0.4,0.1,92.3,88.5,98.4,2313,1875,438,7505,3113,4392,-52,343,395,9766
32,"301000","2006JJ00",25243,14341,10902,25464,15519,9933,1.2,1.9,0.1,99.1,92.4,109.8,2351,1924,427,8888,3174,5714,-337,342,679,10902
33,"301000","2007JJ00",26489,15729,10760,26295,16101,10194,3.3,3.8,2.6,100.7,97.7,105.6,2480,2022,458,8796,3277,5519,-516,331,847,10760
34,"301000","2008JJ00",27445,17346,10099,27167,16697,10474,3.3,3.7,2.8,101,103.9,96.4,2543,2075,468,8160,3427,4733,-604,354,958,10099
35,"301000","2009JJ00",25716,16524,9192,27587,16787,10819,1.5,0.5,3.3,93.2,98.4,85,2563,2087,476,7183,3570,3613,-554,401,955,9192
36,"301000","2010JJ00",27953,17125,10828,27953,17125,10828,1.3,2,0.1,100,100,100,2603,2114,489,8762,3660,5102,-537,402,939,10828
37,"301000","2011JJ00",28449,18752,9697,27832,17158,10674,-0.4,0.2,-1.4,102.2,109.3,90.8,2677,2149,528,7742,3683,4059,-722,404,1126,9697
38,"301000","2012JJ00",29406,19181,10225,27584,17037,10541,-0.9,-0.7,-1.2,106.6,112.6,97,2739,2178,561,8214,3777,4437,-728,389,1117,10225
39,"301000","2013JJ00",30835,19637,11198,27818,17211,10595,0.8,1,0.5,110.8,114.1,105.7,2792,2225,567,9203,3901,5302,-797,360,1157,11198
40,"301000","2014JJ00",29648,18652,10996,28064,17028,11052,0.9,-1.1,4.3,105.6,109.5,99.5,2799,2216,583,8887,3967,4920,-690,352,1042,10996
41,"301000","2015JJ00",29335,18370,10965,28343,17234,11120,1,1.2,0.6,103.5,106.6,98.6,2798,2233,565,8925,4034,4891,-758,310,1068,10965
42,"301100","1995JJ00",20128,10570,9558,22553,13816,8713,NA,NA,NA,89.2,76.5,109.7,1516,1303,213,7962,2126,5836,80,293,213,9558
43,"301100","1996JJ00",20527,11279,9248,22470,14305,8305,-0.4,3.5,-4.7,91.4,78.8,111.4,1581,1363,218,7753,2173,5580,-86,268,354,9248
44,"301100","1997JJ00",21678,11405,10273,23156,14163,8968,3.1,-1,8,93.6,80.5,114.5,1639,1422,217,8627,2226,6401,7,276,269,10273
45,"301100","1998JJ00",20719,11379,9340,22838,14469,8492,-1.4,2.2,-5.3,90.7,78.6,110,1712,1412,300,7630,2293,5337,-2,268,270,9340
46,"301100","1999JJ00",20410,11434,8976,23846,14816,9076,4.4,2.4,6.9,85.6,77.2,98.9,1833,1490,343,7321,2381,4940,-178,267,445,8976
47,"301100","2000JJ00",21636,12039,9597,24129,14927,9235,1.2,0.7,1.7,89.7,80.7,103.9,1948,1556,392,7645,2546,5099,4,280,276,9597
48,"301100","2001JJ00",22393,12530,9863,23456,14876,8693,-2.8,-0.3,-5.9,95.5,84.2,113.5,2057,1673,384,7835,2698,5137,-29,328,357,9863
49,"301100","2002JJ00",22171,12603,9568,23664,14958,8808,0.9,0.6,1.3,93.7,84.3,108.6,2202,1789,413,7268,2820,4448,98,329,231,9568
50,"301100","2003JJ00",22100,12392,9708,23558,14545,9037,-0.4,-2.8,2.6,93.8,85.2,107.4,2217,1776,441,7569,2879,4690,-78,300,378,9708
51,"301100","2004JJ00",21892,12870,9022,24378,14820,9534,3.5,1.9,5.5,89.8,86.8,94.6,2181,1761,420,6947,2954,3993,-106,299,405,9022
52,"301100","2005JJ00",22508,13153,9355,24444,14875,9547,0.3,0.4,0.1,92.1,88.4,98,2179,1767,412,7224,3011,4213,-48,332,380,9355
53,"301100","2006JJ00",24486,14007,10479,24767,15166,9588,1.3,2,0.4,98.9,92.4,109.3,2221,1819,402,8592,3074,5518,-334,331,665,10479
54,"301100","2007JJ00",25674,15367,10307,25504,15721,9785,3,3.7,2.1,100.7,97.7,105.3,2341,1910,431,8482,3178,5304,-516,319,835,10307
55,"301100","2008JJ00",26627,16961,9666,26376,16309,10073,3.4,3.7,2.9,101,104,96,2412,1964,448,7862,3331,4531,-608,342,950,9666
56,"301100","2009JJ00",24997,16164,8833,26842,16412,10451,1.8,0.6,3.8,93.1,98.5,84.5,2428,1973,455,6965,3474,3491,-560,389,949,8833
57,"301100","2010JJ00",27182,16751,10431,27182,16751,10431,1.3,2.1,-0.2,100,100,100,2462,1999,463,8508,3567,4941,-539,393,932,10431
58,"301100","2011JJ00",27694,18382,9312,27134,16817,10317,-0.2,0.4,-1.1,102.1,109.3,90.3,2534,2033,501,7502,3593,3909,-724,395,1119,9312
59,"301100","2012JJ00",28640,18811,9829,26921,16708,10208,-0.8,-0.6,-1.1,106.4,112.6,96.3,2596,2063,533,7959,3688,4271,-726,384,1110,9829
60,"301100","2013JJ00",30122,19266,10856,27170,16879,10283,0.9,1,0.7,110.9,114.1,105.6,2649,2109,540,9004,3812,5192,-797,353,1150,10856
61,"301100","2014JJ00",28946,18304,10642,27446,16710,10757,1,-1,4.6,105.5,109.5,98.9,2650,2096,554,8678,3879,4799,-686,350,1036,10642
62,"301100","2015JJ00",28573,18020,10553,27709,16911,10813,1,1.2,0.5,103.1,106.6,97.6,2654,2116,538,8653,NA,NA,-754,308,1062,10553
63,"304300","1995JJ00",123,57,66,151,67,82,NA,NA,NA,81.5,84.5,80.3,59,45,14,10,8,2,-3,2,5,66
64,"304300","1996JJ00",126,60,66,152,72,78,0.8,7,-4.5,82.8,83.1,84.2,60,42,18,10,7,3,-4,2,6,66
65,"304300","1997JJ00",129,65,64,152,78,72,0,8.3,-7.6,84.8,83.1,88.3,58,45,13,10,7,3,-4,2,6,64
66,"304300","1998JJ00",133,68,65,152,82,69,0,4.6,-4.7,87.4,83.1,94.1,57,45,12,12,7,5,-4,4,8,65
67,"304300","1999JJ00",142,74,68,159,88,70,4.5,7.4,1.5,89.3,84.3,97,62,49,13,9,7,2,-3,4,7,68
68,"304300","2000JJ00",146,80,66,161,93,68,1.4,5.4,-2.9,90.5,86.4,97,64,49,15,8,7,1,-6,5,11,66
69,"304300","2001JJ00",157,81,76,168,94,73,4.1,1.3,7.6,93.5,86.4,103.8,70,55,15,11,7,4,-5,5,10,76
70,"304300","2002JJ00",162,87,75,171,99,71,1.9,6.2,-2.6,94.7,87.4,105.2,74,58,16,8,7,1,-7,6,13,75
71,"304300","2003JJ00",166,93,73,174,105,69,1.9,5.7,-2.7,95.3,88.4,105.2,78,58,20,3,7,-4,-8,6,14,73
72,"304300","2004JJ00",181,100,81,189,111,78,8.4,5.4,12.3,95.8,90.2,103.9,74,56,18,12,7,5,-5,9,14,81
73,"304300","2005JJ00",193,107,86,198,116,82,5,5,4.9,97.3,91.9,105.1,69,53,16,23,8,15,-6,8,14,86
74,"304300","2006JJ00",206,117,89,210,126,84,5.7,8.4,2.3,98.2,92.7,106.3,69,53,16,25,8,17,-5,8,13,89
75,"304300","2007JJ00",206,123,83,210,132,79,0,4.3,-5.6,98.2,93.5,105.1,73,56,17,12,8,4,-2,9,11,83
76,"304300","2008JJ00",224,134,90,225,140,86,7.3,6.5,8.4,99.6,95.6,105.1,69,59,10,20,8,12,1,8,7,90
77,"304300","2009JJ00",229,134,95,230,138,92,2.2,-1.5,7.8,99.6,97.1,102.9,75,63,12,17,9,8,3,8,5,95
78,"304300","2010JJ00",240,136,104,240,136,104,4.4,-1.5,12.6,100,100,100,82,65,17,22,10,12,0,6,6,104
79,"304300","2011JJ00",243,132,111,228,126,102,-5,-7.4,-1.9,106.6,104.8,108.8,83,65,18,28,9,19,0,6,6,111
80,"304300","2012JJ00",256,139,117,230,127,103,0.8,0.8,0.9,111.4,109.5,113.7,81,63,18,40,9,31,-4,2,6,117
81,"304300","2013JJ00",267,150,117,239,136,103,3.9,7.2,0,111.8,110.2,113.7,79,62,17,38,9,29,0,6,6,117
82,"304300","2014JJ00",252,139,113,229,128,101,-4.1,-6,-1.7,110,108.7,111.7,79,61,18,38,8,30,-4,2,6,113
83,"304300","2015JJ00",264,144,120,244,133,111,6.3,3.6,9.7,108.4,108.7,108.1,80,63,17,44,NA,NA,-4,2,6,120
84,"305000","1995JJ00",525,170,355,650,244,395,NA,NA,NA,80.8,69.8,89.8,101,91,10,251,83,168,3,3,0,355
85,"305000","1996JJ00",503,166,337,610,232,368,-6.1,-4.7,-6.8,82.5,71.5,91.5,93,84,9,241,82,159,3,3,0,337
86,"305000","1997JJ00",501,166,335,566,227,333,-7.2,-2.4,-9.5,88.5,73.3,100.5,89,81,8,243,80,163,3,3,0,335
87,"305000","1998JJ00",546,173,373,608,237,362,7.4,4.8,8.7,89.8,72.8,103,90,77,13,280,85,195,3,3,0,373
88,"305000","1999JJ00",582,183,399,627,243,375,3.1,2.3,3.5,92.8,75.3,106.4,96,81,15,299,88,211,4,4,0,399
89,"305000","2000JJ00",567,193,374,557,232,321,-11.2,-4.4,-14.3,101.8,83.1,116.4,90,75,15,280,91,189,4,4,0,374
90,"305000","2001JJ00",603,200,403,572,240,329,2.6,3.1,2.4,105.5,83.5,122.5,82,69,13,315,91,224,6,6,0,403
91,"305000","2002JJ00",547,190,357,506,224,283,-11.4,-6.5,-13.9,108,84.8,126,74,63,11,279,95,184,4,4,0,357
92,"305000","2003JJ00",559,200,359,525,229,296,3.7,2.1,4.5,106.5,87.4,121.3,79,66,13,277,97,180,3,3,0,359
93,"305000","2004JJ00",527,205,322,530,231,299,1.1,1,1.1,99.4,88.7,107.6,71,60,11,249,95,154,2,3,1,322
94,"305000","2005JJ00",540,215,325,529,234,296,-0.2,1.5,-1.2,102,91.7,109.9,65,55,10,258,94,164,2,3,1,325
95,"305000","2006JJ00",551,217,334,492,228,267,-7,-2.8,-9.8,112,95.2,125.3,61,52,9,271,92,179,2,3,1,334
96,"305000","2007JJ00",609,239,370,578,250,326,17.4,9.7,22.5,105.4,95.6,113.4,66,56,10,302,91,211,2,3,1,370
97,"305000","2008JJ00",594,251,343,564,249,314,-2.5,-0.4,-3.8,105.4,100.9,109.2,62,52,10,278,88,190,3,4,1,343
98,"305000","2009JJ00",490,226,264,516,237,279,-8.4,-4.8,-11.1,94.9,95.4,94.5,60,51,9,201,87,114,3,4,1,264
99,"305000","2010JJ00",531,238,293,531,238,293,2.9,0.4,4.9,100,100,100,59,50,9,232,83,149,2,3,1,293
100,"305000","2011JJ00",512,238,274,470,215,255,-11.5,-9.7,-13,108.9,110.7,107.5,60,51,9,212,81,131,2,3,1,274
101,"305000","2012JJ00",510,231,279,435,202,233,-7.4,-5.9,-8.8,117.2,114.2,119.9,62,52,10,215,80,135,2,3,1,279
102,"305000","2013JJ00",446,221,225,414,197,217,-4.9,-2.6,-6.8,107.8,112.1,103.8,64,54,10,161,80,81,0,1,1,225
103,"305000","2014JJ00",450,209,241,392,191,201,-5.2,-3.2,-7.1,114.7,109.5,119.7,70,59,11,171,80,91,0,0,0,241
104,"305000","2015JJ00",498,206,292,393,191,202,0.2,0,0.4,126.6,107.9,144.4,64,54,10,228,NA,NA,0,0,0,292
105,"300002","1995JJ00",171549,107649,63900,233709,157501,75686,NA,NA,NA,73.4,68.3,84.4,30660,26062,4598,32991,12003,20988,249,450,201,63900
106,"300002","1996JJ00",181249,115095,66154,244274,165127,78698,4.5,4.8,4,74.2,69.7,84.1,30877,26187,4690,35115,12297,22818,162,433,271,66154
107,"300002","1997JJ00",193997,126283,67714,255006,176283,78920,4.4,6.8,0.3,76.1,71.6,85.8,31590,27133,4457,36168,12652,23516,-44,368,412,67714
108,"300002","1998JJ00",200113,129824,70289,266464,185947,81011,4.5,5.5,2.6,75.1,69.8,86.8,32861,26600,6261,37600,13073,24527,-172,371,543,70289
109,"300002","1999JJ00",206741,135548,71193,274896,191745,83643,3.2,3.1,3.2,75.2,70.7,85.1,34186,27622,6564,37133,13457,23676,-126,461,587,71193
110,"300002","2000JJ00",234272,156762,77510,286700,199491,87640,4.3,4,4.8,81.7,78.6,88.4,36238,28792,7446,41388,14090,27298,-116,492,608,77510
111,"300002","2001JJ00",241069,159106,81963,288576,199792,89107,0.7,0.2,1.7,83.5,79.6,92,37176,30048,7128,44870,14711,30159,-83,583,666,81963
112,"300002","2002JJ00",236421,155579,80842,285148,196627,88733,-1.2,-1.6,-0.4,82.9,79.1,91.1,38250,30650,7600,42769,15268,27501,-177,616,793,80842
113,"300002","2003JJ00",238228,156561,81667,284319,196072,88461,-0.3,-0.3,-0.3,83.8,79.8,92.3,38293,30706,7587,43434,15475,27959,-60,544,604,81667
114,"300002","2004JJ00",251357,166430,84927,293361,200918,92476,3.2,2.5,4.5,85.7,82.8,91.8,38375,30555,7820,46643,15640,31003,-91,561,652,84927
115,"300002","2005JJ00",269880,180086,89794,298889,205137,93827,1.9,2.1,1.5,90.3,87.8,95.7,37949,30411,7538,51864,15842,36022,-19,576,595,89794
116,"300002","2006JJ00",288969,193209,95760,304906,210010,95034,2,2.4,1.3,94.8,92,100.8,38537,31033,7504,57252,16220,41032,-29,544,573,95760
117,"300002","2007JJ00",307826,207263,100563,314918,216360,98654,3.3,3,3.8,97.7,95.8,101.9,40160,32249,7911,60439,16676,43763,-36,552,588,100563
118,"300002","2008JJ00",326386,221663,104723,314227,215910,98414,-0.2,-0.2,-0.2,103.9,102.7,106.4,42372,33337,9035,62363,17287,45076,-12,679,691,104723
119,"300002","2009JJ00",281200,188599,92601,292721,203268,89618,-6.8,-5.9,-8.9,96.1,92.8,103.3,43103,32893,10210,49934,17704,32230,-436,802,1238,92601
120,"300002","2010JJ00",305816,210667,95149,305816,210667,95149,4.5,3.6,6.2,100,100,100,41042,32815,8227,54194,17973,36221,-87,819,906,95149
121,"300002","2011JJ00",342176,242695,99481,318714,222575,96139,4.2,5.7,1,107.4,109,103.5,42141,33417,8724,57164,18241,38923,176,916,740,99481
122,"300002","2012JJ00",350694,249238,101456,317231,222215,94979,-0.5,-0.2,-1.2,110.5,112.2,106.8,42741,33578,9163,58456,18625,39831,259,844,585,101456
123,"300002","2013JJ00",346641,246983,99658,318346,222383,95957,0.4,0.1,1,108.9,111.1,103.9,43211,34159,9052,56279,18800,37479,168,679,511,99658
124,"300002","2014JJ00",341153,245876,95277,321504,226780,94566,1,2,-1.4,106.1,108.4,100.8,44412,34317,10095,50524,19204,31320,341,788,447,95277
125,"300002","2015JJ00",331530,237836,93694,326452,233271,92793,1.5,2.9,-1.9,101.6,102,101,44700,35244,9456,48706,19748,28958,288,731,443,93694
126,"305700","1995JJ00",8873,1726,7147,19981,2027,19415,NA,NA,NA,44.4,85.2,36.8,694,529,165,6440,854,5586,13,14,1,7147
127,"305700","1996JJ00",10437,1930,8507,22555,2221,22069,12.9,9.6,13.7,46.3,86.9,38.5,713,547,166,7780,888,6892,14,15,1,8507
128,"305700","1997JJ00",10249,2026,8223,20733,2292,19724,-8.1,3.2,-10.6,49.4,88.4,41.7,701,548,153,7510,947,6563,12,13,1,8223
129,"305700","1998JJ00",9597,2123,7474,20215,2352,18983,-2.5,2.6,-3.8,47.5,90.3,39.4,715,541,174,6749,1006,5743,10,11,1,7474
130,"305700","1999JJ00",8551,2098,6453,19248,2277,17987,-4.8,-3.2,-5.2,44.4,92.1,35.9,682,536,146,5758,1056,4702,13,15,2,6453
131,"305700","2000JJ00",11276,2196,9080,18276,2326,16658,-5.1,2.1,-7.4,61.7,94.4,54.5,754,532,222,8310,1112,7198,16,17,1,9080
132,"305700","2001JJ00",13974,2369,11605,19162,2455,17437,4.9,5.6,4.7,72.9,96.5,66.6,728,536,192,10858,1184,9674,19,21,2,11605
133,"305700","2002JJ00",12942,2430,10512,19101,2438,17395,-0.3,-0.7,-0.2,67.8,99.7,60.4,813,594,219,9683,1254,8429,16,20,4,10512
134,"305700","2003JJ00",13534,2524,11010,19002,2455,17256,-0.5,0.7,-0.8,71.2,102.8,63.8,818,604,214,10177,1306,8871,15,18,3,11010
135,"305700","2004JJ00",14338,2640,11698,20535,2538,18835,8.1,3.4,9.1,69.8,104,62.1,849,615,234,10832,1335,9497,17,19,2,11698
136,"305700","2005JJ00",16454,3596,12858,19098,3462,15671,-7,36.4,-16.8,86.2,103.9,82.1,691,514,177,12149,1358,10791,18,20,2,12858
137,"305700","2006JJ00",19949,3678,16271,18863,3554,15308,-1.2,2.6,-2.3,105.8,103.5,106.3,688,518,170,15565,1421,14144,18,20,2,16271
138,"305700","2007JJ00",19715,3644,16071,18707,3547,15159,-0.8,-0.2,-1,105.4,102.7,106,729,544,185,15327,1479,13848,15,17,2,16071
139,"305700","2008JJ00",25363,3856,21507,19792,3644,16144,5.8,2.7,6.5,128.1,105.8,133.2,768,567,201,20724,1554,19170,15,17,2,21507
140,"305700","2009JJ00",19874,3635,16239,18796,3526,15279,-5,-3.2,-5.4,105.7,103.1,106.3,776,581,195,15448,1607,13841,15,18,3,16239
141,"305700","2010JJ00",20846,3563,17283,20846,3563,17283,10.9,1,13.1,100,100,100,809,604,205,16458,1638,14820,16,21,5,17283
142,"305700","2011JJ00",22399,3840,18559,19583,3731,15852,-6.1,4.7,-8.3,114.4,102.9,117.1,912,670,242,17625,1709,15916,22,27,5,18559
143,"305700","2012JJ00",25434,4107,21327,19703,3885,15833,0.6,4.1,-0.1,129.1,105.7,134.7,964,677,287,20345,1802,18543,18,23,5,21327
144,"305700","2013JJ00",26497,4336,22161,21051,4023,17018,6.8,3.5,7.5,125.9,107.8,130.2,1052,742,310,21082,1891,19191,27,32,5,22161
145,"305700","2014JJ00",21828,4756,17072,19150,4423,14849,-9,10,-12.7,114,107.5,115,1162,805,357,15869,1985,13884,41,42,1,17072
146,"305700","2015JJ00",17171,4598,12573,16585,4284,12436,-13.4,-3.2,-16.2,103.5,107.3,101.1,1234,873,361,11315,2077,9238,24,29,5,12573
147,"305800","1995JJ00",8269,1380,6889,19532,1595,19463,NA,NA,NA,42.3,86.5,35.4,623,468,155,6253,825,5428,13,13,0,6889
148,"305800","1996JJ00",9735,1537,8198,22036,1745,22090,12.8,9.4,13.5,44.2,88.1,37.1,637,482,155,7549,859,6690,12,12,0,8198
149,"305800","1997JJ00",9475,1600,7875,19997,1790,19554,-9.3,2.6,-11.5,47.4,89.4,40.3,619,478,141,7246,917,6329,10,10,0,7875
150,"305800","1998JJ00",8818,1686,7132,19454,1845,18795,-2.7,3.1,-3.9,45.3,91.4,37.9,627,470,157,6495,976,5519,10,10,0,7132
151,"305800","1999JJ00",7665,1631,6034,18157,1746,17482,-6.7,-5.3,-7,42.2,93.4,34.5,587,457,130,5433,1025,4408,14,14,0,6034
152,"305800","2000JJ00",10397,1715,8682,17198,1801,16161,-5.3,3.1,-7.6,60.5,95.2,53.7,652,449,203,8014,1079,6935,16,16,0,8682
153,"305800","2001JJ00",13012,1877,11135,18094,1938,16928,5.2,7.6,4.7,71.9,96.9,65.8,642,464,178,10476,1150,9326,17,18,1,11135
154,"305800","2002JJ00",11948,1929,10019,17998,1919,16850,-0.5,-1,-0.5,66.4,100.5,59.5,722,518,204,9282,1218,8064,15,16,1,10019
155,"305800","2003JJ00",12556,2027,10529,17930,1939,16741,-0.4,1,-0.6,70,104.5,62.9,725,525,200,9789,1269,8520,15,16,1,10529
156,"305800","2004JJ00",13448,2171,11277,19618,2050,18436,9.4,5.7,10.1,68.5,105.9,61.2,758,538,220,10505,1297,9208,14,15,1,11277
157,"305800","2005JJ00",15591,3117,12474,18196,2962,15263,-7.3,44.5,-17.2,85.7,105.2,81.7,602,438,164,11857,1319,10538,15,16,1,12474
158,"305800","2006JJ00",19131,3208,15923,18006,3068,14926,-1,3.6,-2.2,106.2,104.5,106.7,598,441,157,15310,1381,13929,15,16,1,15923
159,"305800","2007JJ00",18925,3194,15731,17891,3086,14795,-0.6,0.6,-0.9,105.8,103.5,106.3,640,468,172,15077,1437,13640,14,15,1,15731
160,"305800","2008JJ00",24543,3371,21172,18995,3190,15792,6.2,3.4,6.7,129.2,105.7,134.1,674,488,186,20484,1509,18975,14,15,1,21172
161,"305800","2009JJ00",19159,3241,15918,18100,3131,14975,-4.7,-1.8,-5.2,105.9,103.5,106.3,683,503,180,15220,1561,13659,15,16,1,15918
162,"305800","2010JJ00",20195,3197,16998,20195,3197,16998,11.6,2.1,13.5,100,100,100,717,527,190,16265,1592,14673,16,19,3,16998
163,"305800","2011JJ00",21649,3423,18226,18837,3327,15510,-6.7,4.1,-8.8,114.9,102.9,117.5,772,551,221,17432,1664,15768,22,25,3,18226
164,"305800","2012JJ00",24713,3690,21023,19005,3489,15532,0.9,4.9,0.1,130,105.8,135.4,858,589,269,20147,1757,18390,18,21,3,21023
165,"305800","2013JJ00",25865,3956,21909,20415,3660,16753,7.4,4.9,7.9,126.7,108.1,130.8,945,653,292,20937,1846,19091,27,30,3,21909
166,"305800","2014JJ00",21149,4356,16793,18480,4033,14570,-9.5,10.2,-13,114.4,108,115.3,1050,713,337,15704,1940,13764,39,40,1,16793
167,"305800","2015JJ00",16471,4181,12290,15909,3884,12157,-13.9,-3.7,-16.6,103.5,107.6,101.1,1119,778,341,11148,NA,NA,23,27,4,12290
168,"306300","1995JJ00",604,346,258,758,457,306,NA,NA,NA,79.7,75.7,84.2,71,61,10,187,29,158,0,1,1,258
169,"306300","1996JJ00",702,393,309,862,505,362,13.7,10.4,18.2,81.4,77.9,85.3,76,65,11,231,29,202,2,3,1,309
170,"306300","1997JJ00",774,426,348,933,532,406,8.3,5.3,12,82.9,80.1,85.8,82,70,12,264,30,234,2,3,1,348
171,"306300","1998JJ00",779,437,342,934,536,402,0.1,0.9,-0.9,83.4,81.5,85,88,71,17,254,30,224,0,1,1,342
172,"306300","1999JJ00",886,467,419,1089,565,527,16.6,5.3,31,81.4,82.7,79.5,95,79,16,325,31,294,-1,1,2,419
173,"306300","2000JJ00",879,481,398,1056,557,500,-3,-1.3,-5,83.2,86.3,79.5,102,83,19,296,33,263,0,1,1,398
174,"306300","2001JJ00",962,492,470,1062,548,517,0.6,-1.7,3.3,90.6,89.7,91,86,72,14,382,34,348,2,3,1,470
175,"306300","2002JJ00",994,501,493,1088,549,542,2.5,0.2,4.9,91.3,91.2,91,91,76,15,401,36,365,1,4,3,493
176,"306300","2003JJ00",978,497,481,1064,546,521,-2.2,-0.6,-3.9,91.9,91,92.3,93,79,14,388,37,351,0,2,2,481
177,"306300","2004JJ00",890,469,421,966,512,457,-9.2,-6.2,-12.3,92.1,91.6,92.1,91,77,14,327,38,289,3,4,1,421
178,"306300","2005JJ00",863,479,384,936,508,431,-3.1,-0.9,-5.7,92.2,94.4,89.1,89,76,13,292,39,253,3,4,1,384
179,"306300","2006JJ00",818,470,348,893,490,405,-4.6,-3.5,-6,91.6,96,85.9,90,77,13,255,40,215,3,4,1,348
180,"306300","2007JJ00",790,450,340,846,464,384,-5.3,-5.3,-5.2,93.4,97.1,88.5,89,76,13,250,42,208,1,2,1,340
181,"306300","2008JJ00",820,485,335,820,455,366,-3,-1.8,-4.7,100,106.5,91.5,94,79,15,240,45,195,1,2,1,335
182,"306300","2009JJ00",715,394,321,700,396,304,-14.6,-13,-17,102.2,99.5,105.6,93,78,15,228,46,182,0,2,2,321
183,"306300","2010JJ00",651,366,285,651,366,285,-7,-7.6,-6.2,100,100,100,92,77,15,193,46,147,0,2,2,285
184,"306300","2011JJ00",750,417,333,746,404,342,14.6,10.4,20,100.5,103.2,97.4,140,119,21,193,45,148,0,2,2,333
185,"306300","2012JJ00",721,417,304,690,396,293,-7.5,-1.9,-14.4,104.4,105.2,103.9,106,88,18,198,45,153,0,2,2,304
186,"306300","2013JJ00",632,380,252,602,363,238,-12.8,-8.4,-18.8,104.9,104.7,106,107,89,18,145,45,100,0,2,2,252
187,"306300","2014JJ00",679,400,279,657,390,266,9.2,7.4,11.9,103.3,102.6,104.8,112,92,20,165,45,120,2,2,0,279
188,"306300","2015JJ00",700,417,283,675,400,273,2.7,2.8,2.5,103.7,104.1,103.7,115,95,20,167,NA,NA,1,2,1,283
189,"307000","1995JJ00",0,0,0,NA,NA,NA,NA,NA,NA,NA,NA,NA,0,0,0,0,0,0,0,0,0,0
190,"307000","1996JJ00",0,0,0,NA,NA,NA,NA,NA,NA,NA,NA,NA,0,0,0,0,0,0,0,0,0,0
191,"307000","1997JJ00",0,0,0,NA,NA,NA,NA,NA,NA,NA,NA,NA,0,0,0,0,0,0,0,0,0,0
192,"307000","1998JJ00",0,0,0,NA,NA,NA,NA,NA,NA,NA,NA,NA,0,0,0,0,0,0,0,0,0,0
193,"307000","1999JJ00",0,0,0,NA,NA,NA,NA,NA,NA,NA,NA,NA,0,0,0,0,0,0,0,0,0,0
194,"307000","2000JJ00",0,0,0,NA,NA,NA,NA,NA,NA,NA,NA,NA,0,0,0,0,0,0,0,0,0,0
195,"307000","2001JJ00",0,0,0,NA,NA,NA,NA,NA,NA,NA,NA,NA,0,0,0,0,0,0,0,0,0,0
196,"307000","2002JJ00",0,0,0,NA,NA,NA,NA,NA,NA,NA,NA,NA,0,0,0,0,0,0,0,0,0,0
197,"307000","2003JJ00",0,0,0,NA,NA,NA,NA,NA,NA,NA,NA,NA,0,0,0,0,0,0,0,0,0,0
198,"307000","2004JJ00",0,0,0,NA,NA,NA,NA,NA,NA,NA,NA,NA,0,0,0,0,0,0,0,0,0,0
199,"307000","2005JJ00",0,0,0,NA,NA,NA,NA,NA,NA,NA,NA,NA,0,0,0,0,0,0,0,0,0,0
200,"307000","2006JJ00",0,0,0,NA,NA,NA,NA,NA,NA,NA,NA,NA,0,0,0,0,0,0,0,0,0,0
201,"307000","2007JJ00",0,0,0,NA,NA,NA,NA,NA,NA,NA,NA,NA,0,0,0,0,0,0,0,0,0,0
202,"307000","2008JJ00",0,0,0,NA,NA,NA,NA,NA,NA,NA,NA,NA,0,0,0,0,0,0,0,0,0,0
203,"307000","2009JJ00",0,0,0,NA,NA,NA,NA,NA,NA,NA,NA,NA,0,0,0,0,0,0,0,0,0,0
204,"307000","2010JJ00",0,0,0,NA,NA,NA,NA,NA,NA,NA,NA,NA,0,0,0,0,0,0,0,0,0,0
205,"307000","2011JJ00",0,0,0,NA,NA,NA,NA,NA,NA,NA,NA,NA,0,0,0,0,0,0,0,0,0,0
206,"307000","2012JJ00",0,0,0,NA,NA,NA,NA,NA,NA,NA,NA,NA,0,0,0,0,0,0,0,0,0,0
207,"307000","2013JJ00",0,0,0,NA,NA,NA,NA,NA,NA,NA,NA,NA,0,0,0,0,0,0,0,0,0,0
208,"307000","2014JJ00",0,0,0,NA,NA,NA,NA,NA,NA,NA,NA,NA,0,0,0,0,0,0,0,0,0,0
209,"307000","2015JJ00",0,0,0,NA,NA,NA,NA,NA,NA,NA,NA,NA,0,0,0,0,NA,NA,0,0,0,0
210,"307500","1995JJ00",149499,98863,50636,197481,145441,51965,NA,NA,NA,75.7,68,97.4,28081,23937,4144,22350,8820,13530,205,389,184,50636
211,"307500","1996JJ00",156532,105522,51010,205039,152120,53178,3.8,4.6,2.3,76.3,69.4,95.9,28289,24054,4235,22595,8960,13635,126,371,245,51010
212,"307500","1997JJ00",168886,116078,52808,216279,162782,54414,5.5,7,2.3,78.1,71.3,97,28929,24926,4003,23952,9127,14825,-73,305,378,52808
213,"307500","1998JJ00",174784,119094,55690,227018,171816,56417,5,5.5,3.7,77,69.3,98.7,30073,24420,5653,25816,9402,16414,-199,301,500,55690
214,"307500","1999JJ00",182008,124518,57490,235460,177250,59185,3.7,3.2,4.9,77.3,70.2,97.1,31265,25323,5942,26373,9718,16655,-148,383,531,57490
215,"307500","2000JJ00",205763,144455,61308,246812,184608,62897,4.8,4.2,6.3,83.4,78.2,97.5,33164,26459,6705,28281,10221,18060,-137,412,549,61308
216,"307500","2001JJ00",208558,145330,63228,247264,184192,63618,0.2,-0.2,1.1,84.3,78.9,99.4,33995,27576,6419,29348,10707,18641,-115,483,598,63228
217,"307500","2002JJ00",204222,141503,62719,243368,180684,63097,-1.6,-1.9,-0.8,83.9,78.3,99.4,34817,27989,6828,28107,11139,16968,-205,515,720,62719
218,"307500","2003JJ00",204638,141987,62651,242461,180098,62793,-0.4,-0.3,-0.5,84.4,78.8,99.8,34742,27956,6786,27996,11286,16710,-87,443,530,62651
219,"307500","2004JJ00",217064,151509,65555,250057,184761,65533,3.1,2.6,4.4,86.8,82,100,34816,27832,6984,30856,11421,19435,-117,458,575,65555
220,"307500","2005JJ00",231636,163156,68480,255281,187677,67677,2.1,1.6,3.3,90.7,86.9,101.2,34471,27715,6756,34060,11586,22474,-51,467,518,68480
221,"307500","2006JJ00",245796,175538,70258,261292,192404,69006,2.4,2.5,2,94.1,91.2,101.8,35058,28304,6754,35264,11843,23421,-64,430,494,70258
222,"307500","2007JJ00",263869,189003,74866,271341,198544,72788,3.8,3.2,5.5,97.2,95.2,102.9,36505,29397,7108,38430,12153,26277,-69,438,507,74866
223,"307500","2008JJ00",275138,201239,73899,268906,197559,71398,-0.9,-0.5,-1.9,102.3,101.9,103.5,38518,30339,8179,35429,12573,22856,-48,561,609,73899
224,"307500","2009JJ00",234739,169734,65005,248310,184728,63666,-7.7,-6.5,-10.8,94.5,91.9,102.1,39125,29763,9362,26345,12866,13479,-465,680,1145,65005
225,"307500","2010JJ00",258384,191360,67024,258384,191360,67024,4.1,3.6,5.3,100,100,100,36912,29589,7323,30232,12972,17260,-120,690,810,67024
226,"307500","2011JJ00",291758,221779,69979,272403,202960,69443,5.4,6.1,3.6,107.1,109.3,100.8,37771,30011,7760,32149,12985,19164,59,725,666,69979
227,"307500","2012JJ00",297727,228653,69074,271528,203025,68443,-0.3,0,-1.4,109.6,112.6,100.9,38285,30187,8098,30633,13087,17546,156,681,525,69074
228,"307500","2013JJ00",293296,226620,66676,271081,203340,67605,-0.2,0.2,-1.2,108.2,111.4,98.6,38555,30602,7953,28074,13022,15052,47,505,458,66676
229,"307500","2014JJ00",293446,225442,68004,276207,207258,68802,1.9,1.9,1.8,106.2,108.8,98.8,39645,30681,8964,28224,13183,15041,135,541,406,68004
230,"307500","2015JJ00",288608,217488,71120,283271,213399,69637,2.6,3,1.2,101.9,101.9,102.1,39785,31453,8332,31225,13452,17773,110,504,394,71120
231,"307610","1995JJ00",38781,29400,9381,49668,37146,12449,NA,NA,NA,78.1,79.1,75.4,4403,3763,640,4868,1311,3557,110,164,54,9381
232,"307610","1996JJ00",39965,30332,9633,50645,37744,12834,2,1.6,3.1,78.9,80.4,75.1,4296,3661,635,5228,1331,3897,109,166,57,9633
233,"307610","1997JJ00",41400,31799,9601,50741,38162,12488,0.2,1.1,-2.7,81.6,83.3,76.9,4382,3777,605,5175,1361,3814,44,158,114,9601
234,"307610","1998JJ00",41721,32027,9694,51833,39241,12477,2.2,2.8,-0.1,80.5,81.6,77.7,4484,3663,821,5171,1394,3777,39,158,119,9694
235,"307610","1999JJ00",41455,31063,10392,52677,39764,12802,1.6,1.3,2.6,78.7,78.1,81.2,4742,3854,888,5601,1436,4165,49,184,135,10392
236,"307610","2000JJ00",43317,32768,10549,53064,40079,12874,0.7,0.8,0.6,81.6,81.8,81.9,5023,4012,1011,5495,1511,3984,31,193,162,10549
237,"307610","2001JJ00",44954,33913,11041,52446,39736,12600,-1.2,-0.9,-2.1,85.7,85.3,87.6,5130,4165,965,5849,1578,4271,62,223,161,11041
238,"307610","2002JJ00",44707,33215,11492,52208,39440,12656,-0.5,-0.7,0.4,85.6,84.2,90.8,5189,4181,1008,6208,1647,4561,95,226,131,11492
239,"307610","2003JJ00",44988,33288,11700,52282,39822,12371,0.1,1,-2.2,86,83.6,94.6,5233,4224,1009,6405,1674,4731,62,206,144,11700
240,"307610","2004JJ00",45831,33961,11870,52914,40291,12532,1.2,1.2,1.3,86.6,84.3,94.7,5208,4204,1004,6582,1707,4875,80,214,134,11870
241,"307610","2005JJ00",46410,34231,12179,53877,40908,12864,1.8,1.5,2.6,86.1,83.7,94.7,5123,4183,940,7014,1746,5268,42,164,122,12179
242,"307610","2006JJ00",46360,35171,11189,52687,40829,11851,-2.2,-0.2,-7.9,88,86.1,94.4,5302,4272,1030,5839,1783,4056,48,161,113,11189
243,"307610","2007JJ00",51067,39438,11629,53764,41606,12145,2,1.9,2.5,95,94.8,95.7,5417,4410,1007,6138,1821,4317,74,161,87,11629
244,"307610","2008JJ00",54592,43456,11136,53886,42113,11764,0.2,1.2,-3.1,101.3,103.2,94.7,5432,4371,1061,5560,1876,3684,144,233,89,11136
245,"307610","2009JJ00",50625,38961,11664,52888,41297,11585,-1.9,-1.9,-1.5,95.7,94.3,100.7,5472,4423,1049,5990,1920,4070,202,301,99,11664
246,"307610","2010JJ00",52890,41383,11507,52890,41383,11507,0,0.2,-0.7,100,100,100,5526,4482,1044,5768,1942,3826,213,314,101,11507
247,"307610","2011JJ00",57961,46118,11843,53817,42283,11534,1.8,2.2,0.2,107.7,109.1,102.7,5536,4466,1070,6096,1945,4151,211,306,95,11843
248,"307610","2012JJ00",61023,48204,12819,54914,42874,12056,2,1.4,4.5,111.1,112.4,106.3,5738,4546,1192,6866,1969,4897,215,291,76,12819
249,"307610","2013JJ00",64086,50898,13188,56842,44427,12429,3.5,3.6,3.1,112.7,114.6,106.1,5899,4728,1171,7189,1995,5194,100,165,65,13188
250,"307610","2014JJ00",64922,51080,13842,58512,45699,12831,2.9,2.9,3.2,111,111.8,107.9,6037,4792,1245,7678,2036,5642,127,164,37,13842
251,"307610","2015JJ00",64924,51595,13329,60156,47608,12544,2.8,4.2,-2.2,107.9,108.4,106.3,6090,4876,1214,7128,NA,NA,111,142,31,13329
252,"307600","1995JJ00",33042,26349,6693,41794,33180,8643,NA,NA,NA,79.1,79.4,77.4,3833,3282,551,2760,1046,1714,100,153,53,6693
253,"307600","1996JJ00",33943,27187,6756,42601,33691,8943,1.9,1.5,3.5,79.7,80.7,75.5,3728,3180,548,2930,1063,1867,98,154,56,6756
254,"307600","1997JJ00",35093,28505,6588,42622,34013,8621,0.1,1,-3.6,82.3,83.8,76.4,3824,3297,527,2734,1087,1647,30,142,112,6588
255,"307600","1998JJ00",35385,28753,6632,43783,35123,8655,2.7,3.3,0.4,80.8,81.9,76.6,3903,3182,721,2703,1114,1589,26,144,118,6632
256,"307600","1999JJ00",34892,27667,7225,44459,35547,8915,1.5,1.2,3,78.5,77.8,81,4130,3349,781,3065,1151,1914,30,164,134,7225
257,"307600","2000JJ00",36431,29226,7205,44735,35825,8915,0.6,0.8,0,81.4,81.6,80.8,4409,3504,905,2778,1212,1566,18,176,158,7205
258,"307600","2001JJ00",37648,30245,7403,44072,35468,8608,-1.5,-1,-3.4,85.4,85.3,86,4492,3639,853,2879,1267,1612,32,189,157,7403
259,"307600","2002JJ00",36821,29280,7541,43255,34922,8337,-1.9,-1.5,-3.1,85.1,83.8,90.5,4483,3601,882,2995,1324,1671,63,189,126,7541
260,"307600","2003JJ00",37140,29433,7707,43618,35393,8242,0.8,1.3,-1.1,85.1,83.2,93.5,4523,3640,883,3150,1347,1803,34,174,140,7707
261,"307600","2004JJ00",38475,30275,8200,44715,36069,8640,2.5,1.9,4.8,86,83.9,94.9,4507,3626,881,3641,1373,2268,52,181,129,8200
262,"307600","2005JJ00",38804,30451,8353,45502,36598,8885,1.8,1.5,2.8,85.3,83.2,94,4461,3633,828,3870,1404,2466,22,138,116,8353
263,"307600","2006JJ00",40108,31867,8241,46022,37174,8848,1.1,1.6,-0.4,87.1,85.7,93.1,4635,3716,919,3580,1435,2145,26,134,108,8241
264,"307600","2007JJ00",44392,35802,8590,46821,37762,9054,1.7,1.6,2.3,94.8,94.8,94.9,4740,3849,891,3797,1464,2333,53,135,82,8590
265,"307600","2008JJ00",48103,39713,8390,47317,38320,8992,1.1,1.5,-0.7,101.7,103.6,93.3,4737,3802,935,3546,1502,2044,107,191,84,8390
266,"307600","2009JJ00",44373,35372,9001,46543,37655,8888,-1.6,-1.7,-1.2,95.3,93.9,101.3,4823,3888,935,4033,1533,2500,145,238,93,9001
267,"307600","2010JJ00",46643,37739,8904,46643,37739,8904,0.2,0.2,0.2,100,100,100,4882,3950,932,3869,1560,2309,153,248,95,8904
268,"307600","2011JJ00",51611,42381,9230,47602,38685,8917,2.1,2.5,0.1,108.4,109.6,103.5,4881,3928,953,4199,1570,2629,150,240,90,9230
269,"307600","2012JJ00",54127,44291,9836,48529,39192,9352,1.9,1.3,4.9,111.5,113,105.2,5082,4011,1071,4593,1600,2993,161,231,70,9836
270,"307600","2013JJ00",57263,47024,10239,50655,40760,9921,4.4,4,6.1,113,115.4,103.2,5239,4188,1051,4921,1634,3287,79,142,63,10239
271,"307600","2014JJ00",58076,47202,10874,52254,41980,10309,3.2,3,3.9,111.1,112.4,105.5,5380,4255,1125,5387,1681,3706,107,143,36,10874
272,"307600","2015JJ00",58472,47781,10691,54262,43954,10320,3.8,4.7,0.1,107.8,108.7,103.6,5543,4428,1115,5051,NA,NA,97,126,29,10691
273,"311300","1995JJ00",3084,1942,1142,3814,2456,1334,NA,NA,NA,80.9,79.1,85.6,353,302,51,779,202,577,10,10,0,1142
274,"311300","1996JJ00",3208,1983,1225,3881,2493,1364,1.8,1.5,2.2,82.7,79.6,89.8,358,306,52,859,205,654,8,9,1,1225
275,"311300","1997JJ00",3207,2035,1172,3806,2506,1282,-1.9,0.6,-6,84.3,81.2,91.4,343,298,45,819,209,610,10,12,2,1172
276,"311300","1998JJ00",3114,2015,1099,3678,2465,1201,-3.4,-1.7,-6.3,84.7,81.8,91.5,362,303,59,727,214,513,10,11,1,1099
277,"311300","1999JJ00",3184,2053,1131,3733,2498,1223,1.5,1.3,1.8,85.3,82.2,92.5,383,317,66,733,218,515,15,16,1,1131
278,"311300","2000JJ00",3224,2097,1127,3724,2495,1217,-0.3,-0.1,-0.5,86.6,84,92.6,376,318,58,740,228,512,11,15,4,1127
279,"311300","2001JJ00",3460,2200,1260,3852,2558,1279,3.4,2.5,5.1,89.8,86,98.5,399,332,67,834,237,597,27,31,4,1260
280,"311300","2002JJ00",3515,2287,1228,3912,2629,1272,1.6,2.8,-0.6,89.8,87,96.5,432,358,74,766,244,522,30,35,5,1228
281,"311300","2003JJ00",3540,2285,1255,3881,2610,1261,-0.8,-0.7,-0.9,91.2,87.6,99.5,430,356,74,799,243,556,26,30,4,1255
282,"311300","2004JJ00",3388,2224,1164,3730,2533,1190,-3.9,-2.9,-5.7,90.8,87.8,97.9,427,354,73,710,245,465,27,32,5,1164
283,"311300","2005JJ00",3480,2263,1217,3783,2560,1214,1.4,1.1,2.1,92,88.4,100.2,403,336,67,795,248,547,19,24,5,1217
284,"311300","2006JJ00",3908,2540,1368,4096,2799,1291,8.3,9.3,6.3,95.4,90.7,106,416,348,68,932,249,683,20,24,4,1368
285,"311300","2007JJ00",4225,2785,1440,4269,2917,1346,4.2,4.2,4.2,99,95.5,107,425,354,71,997,252,745,18,22,4,1440
286,"311300","2008JJ00",4189,2903,1286,4160,2915,1247,-2.6,-0.1,-7.4,100.7,99.6,103.2,454,375,79,799,259,540,33,37,4,1286
287,"311300","2009JJ00",3951,2709,1242,3965,2742,1223,-4.7,-5.9,-1.9,99.6,98.8,101.5,453,372,81,738,266,472,51,56,5,1242
288,"311300","2010JJ00",3966,2725,1241,3966,2725,1241,0,-0.6,1.4,100,100,100,451,372,79,734,264,470,56,61,5,1241
289,"311300","2011JJ00",4058,2736,1322,3929,2645,1284,-0.9,-2.9,3.5,103.3,103.4,103,457,374,83,810,258,552,55,60,5,1322
290,"311300","2012JJ00",4218,2864,1354,3951,2689,1263,0.6,1.6,-1.7,106.8,106.5,107.2,456,371,85,847,253,594,51,56,5,1354
291,"311300","2013JJ00",4263,2880,1383,3968,2718,1251,0.4,1.1,-1,107.4,106,110.6,456,373,83,911,248,663,16,18,2,1383
292,"311300","2014JJ00",4247,2902,1345,3977,2785,1195,0.2,2.5,-4.4,106.8,104.2,112.5,461,374,87,869,245,624,15,16,1,1345
293,"311300","2015JJ00",4350,2990,1360,4050,2845,1208,1.8,2.2,1,107.4,105.1,112.6,470,384,86,880,NA,NA,10,12,2,1360
294,"312200","1995JJ00",2655,1109,1546,3911,1474,2452,NA,NA,NA,67.9,75.2,63.1,217,179,38,1329,63,1266,0,1,1,1546
295,"312200","1996JJ00",2814,1162,1652,4015,1524,2504,2.7,3.4,2.1,70.1,76.2,66,210,175,35,1439,63,1376,3,3,0,1652
296,"312200","1997JJ00",3100,1259,1841,4188,1610,2589,4.3,5.6,3.4,74,78.2,71.1,215,182,33,1622,65,1557,4,4,0,1841
297,"312200","1998JJ00",3222,1259,1963,4246,1613,2645,1.4,0.2,2.2,75.9,78,74.2,219,178,41,1741,66,1675,3,3,0,1963
298,"312200","1999JJ00",3379,1343,2036,4360,1681,2690,2.7,4.2,1.7,77.5,79.9,75.7,229,188,41,1803,67,1736,4,4,0,2036
299,"312200","2000JJ00",3662,1445,2217,4483,1720,2776,2.8,2.3,3.2,81.7,84,79.9,238,190,48,1977,71,1906,2,2,0,2217
300,"312200","2001JJ00",3846,1468,2378,4390,1671,2732,-2.1,-2.8,-1.6,87.6,87.8,87,239,194,45,2136,74,2062,3,3,0,2378
301,"312200","2002JJ00",4371,1648,2723,4893,1843,3064,11.4,10.3,12.2,89.3,89.4,88.9,274,222,52,2447,79,2368,2,2,0,2723
302,"312200","2003JJ00",4308,1570,2738,4650,1781,2883,-5,-3.4,-5.9,92.7,88.2,95,280,228,52,2456,84,2372,2,2,0,2738
303,"312200","2004JJ00",3968,1462,2506,4378,1664,2726,-5.8,-6.6,-5.4,90.6,87.9,91.9,274,224,50,2231,89,2142,1,1,0,2506
304,"312200","2005JJ00",4126,1517,2609,4498,1723,2788,2.7,3.6,2.3,91.7,88,93.6,259,214,45,2349,94,2255,1,2,1,2609
305,"312200","2006JJ00",2344,764,1580,2583,864,1718,-42.6,-49.8,-38.4,90.8,88.4,92,251,208,43,1327,99,1228,2,3,1,1580
306,"312200","2007JJ00",2450,851,1599,2677,930,1749,3.7,7.6,1.8,91.5,91.5,91.4,252,207,45,1344,105,1239,3,4,1,1599
307,"312200","2008JJ00",2300,840,1460,2409,880,1530,-10,-5.4,-12.5,95.5,95.5,95.4,241,194,47,1215,115,1100,4,5,1,1460
308,"312200","2009JJ00",2301,880,1421,2378,900,1480,-1.3,2.3,-3.3,96.8,97.8,96,196,163,33,1219,121,1098,6,7,1,1421
309,"312200","2010JJ00",2281,919,1362,2281,919,1362,-4.1,2.2,-8,100,100,100,193,160,33,1165,118,1047,4,5,1,1362
310,"312200","2011JJ00",2292,1001,1291,2286,953,1333,0.2,3.7,-2.1,100.3,105,96.8,198,164,34,1087,117,970,6,6,0,1291
311,"312200","2012JJ00",2678,1049,1629,2439,996,1445,6.7,4.5,8.4,109.8,105.3,112.8,200,164,36,1426,116,1310,3,4,1,1629
312,"312200","2013JJ00",2560,994,1566,2215,942,1277,-9.2,-5.4,-11.6,115.6,105.6,122.6,204,167,37,1357,113,1244,5,5,0,1566
313,"312200","2014JJ00",2599,976,1623,2271,921,1348,2.5,-2.2,5.6,114.5,106,120.4,196,163,33,1422,110,1312,5,5,0,1623
314,"312200","2015JJ00",2102,824,1278,1847,780,1069,-18.7,-15.3,-20.7,113.8,105.6,119.6,77,64,13,1197,NA,NA,4,4,0,1278
315,"312505","1995JJ00",3557,2320,1237,4033,2806,1234,NA,NA,NA,88.2,82.7,100.3,818,690,128,407,173,234,12,15,3,1237
316,"312505","1996JJ00",3492,2333,1159,3979,2785,1204,-1.3,-0.7,-2.4,87.8,83.8,96.3,759,636,123,392,171,221,8,11,3,1159
317,"312505","1997JJ00",3548,2408,1140,4023,2838,1198,1.1,1.9,-0.5,88.2,84.9,95.2,758,648,110,380,169,211,2,7,5,1140
318,"312505","1998JJ00",3726,2502,1224,4184,2933,1262,4,3.4,5.4,89.1,85.3,97,771,614,157,453,170,283,0,6,6,1224
319,"312505","1999JJ00",3724,2482,1242,4180,2914,1275,-0.1,-0.6,1.1,89.1,85.2,97.4,793,628,165,448,173,275,1,9,8,1242
320,"312505","2000JJ00",3856,2599,1257,4289,2952,1342,2.6,1.3,5.2,89.9,88,93.7,823,642,181,430,179,251,4,12,8,1257
321,"312505","2001JJ00",3720,2522,1198,4103,2780,1325,-4.3,-5.8,-1.3,90.7,90.7,90.4,798,637,161,394,183,211,6,14,8,1198
322,"312505","2002JJ00",3632,2443,1189,3961,2690,1273,-3.5,-3.3,-3.9,91.7,90.8,93.4,774,611,163,411,187,224,4,12,8,1189
323,"312505","2003JJ00",3509,2342,1167,3798,2559,1240,-4.1,-4.9,-2.6,92.4,91.5,94.1,741,588,153,424,185,239,2,10,8,1167
324,"312505","2004JJ00",3284,2264,1020,3549,2470,1081,-6.6,-3.5,-12.8,92.5,91.6,94.3,677,533,144,341,184,157,2,12,10,1020
325,"312505","2005JJ00",3263,2232,1031,3469,2389,1082,-2.3,-3.3,0.1,94.1,93.4,95.3,630,500,130,396,183,213,5,15,10,1031
326,"312505","2006JJ00",3347,2295,1052,3528,2414,1116,1.7,1.1,3.1,94.9,95.1,94.3,628,498,130,423,182,241,1,10,9,1052
327,"312505","2007JJ00",3531,2388,1143,3672,2487,1187,4.1,3,6.4,96.2,96,96.3,652,514,138,489,182,307,2,11,9,1143
328,"312505","2008JJ00",3381,2265,1116,3465,2303,1163,-5.6,-7.4,-2,97.6,98.3,95.9,658,513,145,458,185,273,0,10,10,1116
329,"312505","2009JJ00",3024,2020,1004,3059,2075,985,-11.7,-9.9,-15.3,98.9,97.4,101.9,616,489,127,390,186,204,-2,13,15,1004
330,"312505","2010JJ00",3158,2125,1033,3158,2125,1033,3.2,2.4,4.9,100,100,100,611,483,128,421,184,237,1,13,12,1033
331,"312505","2011JJ00",3499,2374,1125,3375,2222,1153,6.9,4.6,11.6,103.7,106.8,97.6,626,489,137,493,178,315,6,16,10,1125
332,"312505","2012JJ00",3344,2267,1077,3152,2097,1054,-6.6,-5.6,-8.6,106.1,108.1,102.2,634,492,142,437,174,263,6,14,8,1077
333,"312505","2013JJ00",3370,2278,1092,3179,2119,1057,0.8,1.1,0.4,106,107.5,103.3,646,503,143,439,169,270,7,13,6,1092
334,"312505","2014JJ00",3365,2261,1104,3151,2109,1039,-0.9,-0.4,-1.7,106.8,107.2,106.2,642,497,145,453,165,288,9,12,3,1104
335,"312505","2015JJ00",3440,2349,1091,3188,2146,1039,1.2,1.7,0,107.9,109.5,105,638,500,138,442,NA,NA,11,15,4,1091
336,"315810","1995JJ00",12010,7592,4418,13146,8758,4395,NA,NA,NA,91.4,86.7,100.5,2836,2385,451,1552,681,871,30,35,5,4418
337,"315810","1996JJ00",12123,7619,4504,13536,9244,4331,3,5.5,-1.5,89.6,82.4,104,2887,2420,467,1600,696,904,17,30,13,4504
338,"315810","1997JJ00",12599,7962,4637,14285,9616,4681,5.5,4,8.1,88.2,82.8,99.1,2841,2438,403,1801,718,1083,-5,17,22,4637
339,"315810","1998JJ00",13123,8388,4735,14724,10050,4709,3.1,4.5,0.6,89.1,83.5,100.6,2987,2387,600,1765,753,1012,-17,14,31,4735
340,"315810","1999JJ00",13475,8562,4913,15028,10207,4848,2.1,1.6,3,89.7,83.9,101.3,3080,2444,636,1843,790,1053,-10,24,34,4913
341,"315810","2000JJ00",14427,9376,5051,15261,10414,4883,1.6,2,0.7,94.5,90,103.4,3223,2528,695,1839,830,1009,-11,28,39,5051
342,"315810","2001JJ00",14628,9324,5304,14970,10247,4762,-1.9,-1.6,-2.5,97.7,91,111.4,3233,2588,645,2085,855,1230,-14,32,46,5304
343,"315810","2002JJ00",14110,9071,5039,14469,10007,4518,-3.3,-2.3,-5.1,97.5,90.6,111.5,3249,2597,652,1805,881,924,-15,37,52,5039
344,"315810","2003JJ00",13676,8800,4876,14156,9720,4478,-2.2,-2.9,-0.9,96.6,90.5,108.9,3161,2517,644,1732,877,855,-17,23,40,4876
345,"315810","2004JJ00",13764,8823,4941,14397,9844,4589,1.7,1.3,2.5,95.6,89.6,107.7,3166,2524,642,1795,879,916,-20,25,45,4941
346,"315810","2005JJ00",13959,8963,4996,14562,9855,4727,1.1,0.1,3,95.9,91,105.7,3060,2472,588,1949,892,1057,-13,27,40,4996
347,"315810","2006JJ00",14399,9400,4999,14815,10057,4782,1.7,2.1,1.2,97.2,93.5,104.5,3064,2478,586,1946,907,1039,-11,25,36,4999
348,"315810","2007JJ00",15153,9882,5271,15017,10196,4846,1.4,1.4,1.3,100.9,96.9,108.8,3148,2533,615,2133,921,1212,-10,28,38,5271
349,"315810","2008JJ00",14719,9540,5179,14416,9628,4794,-4,-5.6,-1.1,102.1,99.1,108,3199,2542,657,1989,938,1051,-9,32,41,5179
350,"315810","2009JJ00",13140,8350,4790,13225,8750,4474,-8.3,-9.1,-6.7,99.4,95.4,107.1,2976,2398,578,1826,944,882,-12,42,54,4790
351,"315810","2010JJ00",13086,8670,4416,13086,8670,4416,-1.1,-0.9,-1.3,100,100,100,2861,2300,561,1564,938,626,-9,44,53,4416
352,"315810","2011JJ00",13383,9005,4378,13047,8651,4396,-0.3,-0.2,-0.5,102.6,104.1,99.6,2750,2195,555,1623,916,707,5,44,39,4378
353,"315810","2012JJ00",12661,8624,4037,12415,8281,4132,-4.8,-4.3,-6,102,104.1,97.7,2696,2119,577,1331,910,421,10,40,30,4037
354,"315810","2013JJ00",12222,8476,3746,12117,8158,3952,-2.4,-1.5,-4.4,100.9,103.9,94.8,2584,2058,526,1151,900,251,11,37,26,3746
355,"315810","2014JJ00",12245,8504,3741,12156,8226,3919,0.3,0.8,-0.8,100.7,103.4,95.5,2477,1958,519,1245,885,360,19,38,19,3741
356,"315810","2015JJ00",12518,8840,3678,12413,8441,3957,2.1,2.6,1,100.8,104.7,93,2433,1943,490,1222,NA,NA,23,43,20,3678
357,"315800","1995JJ00",1941,1211,730,2560,1472,1088,NA,NA,NA,75.8,82.3,67.1,521,445,76,209,53,156,0,2,2,730
358,"315800","1996JJ00",1982,1264,718,2615,1539,1068,2.2,4.5,-1.8,75.8,82.1,67.2,522,445,77,197,56,141,-1,3,4,718
359,"315800","1997JJ00",2110,1344,766,2745,1607,1131,4.9,4.4,5.8,76.9,83.6,67.7,530,466,64,242,59,183,-6,1,7,766
360,"315800","1998JJ00",2293,1447,846,2940,1689,1250,7.1,5.1,10.6,78,85.6,67.7,573,466,107,282,63,219,-9,0,9,846
361,"315800","1999JJ00",2326,1453,873,2947,1684,1267,0.3,-0.3,1.3,78.9,86.3,68.9,605,482,123,278,68,210,-10,2,12,873
362,"315800","2000JJ00",2467,1507,960,3006,1736,1268,2,3.1,0.1,82.1,86.8,75.7,643,507,136,329,74,255,-12,1,13,960
363,"315800","2001JJ00",2554,1474,1080,2986,1691,1298,-0.6,-2.6,2.4,85.5,87.2,83.2,651,520,131,442,79,363,-13,1,14,1080
364,"315800","2002JJ00",2421,1501,920,2757,1707,1046,-7.7,0.9,-19.4,87.8,87.9,88,666,537,129,267,83,184,-13,3,16,920
365,"315800","2003JJ00",2435,1447,988,2733,1653,1076,-0.9,-3.1,2.8,89.1,87.5,91.9,648,516,132,351,85,266,-11,1,12,988
366,"315800","2004JJ00",2493,1502,991,2788,1707,1078,2,3.2,0.2,89.4,88,92,660,524,136,342,87,255,-11,3,14,991
367,"315800","2005JJ00",2590,1609,981,2852,1777,1073,2.3,4.1,-0.4,90.8,90.6,91.4,652,523,129,337,90,247,-8,4,12,981
368,"315800","2006JJ00",2777,1788,989,2974,1900,1072,4.3,7,-0.1,93.4,94.1,92.2,654,523,131,342,93,249,-7,5,12,989
369,"315800","2007JJ00",3079,2019,1060,3061,2008,1051,2.9,5.6,-2,100.6,100.6,100.9,697,555,142,371,99,272,-8,5,13,1060
370,"315800","2008JJ00",3119,1993,1126,3010,1954,1054,-1.7,-2.7,0.3,103.6,102,106.9,727,574,153,408,104,304,-9,5,14,1126
371,"315800","2009JJ00",2698,1697,1001,2659,1726,930,-11.7,-11.6,-11.7,101.5,98.3,107.6,672,537,135,340,106,234,-11,8,19,1001
372,"315800","2010JJ00",2581,1703,878,2581,1703,878,-2.9,-1.4,-5.6,100,100,100,630,502,128,260,107,153,-12,8,20,878
373,"315800","2011JJ00",2703,1761,942,2644,1712,932,2.4,0.5,6.2,102.2,102.9,101.1,602,475,127,346,107,239,-6,7,13,942
374,"315800","2012JJ00",2407,1544,863,2332,1483,850,-11.8,-13.4,-8.8,103.2,104.1,101.5,569,444,125,296,108,188,-2,7,9,863
375,"315800","2013JJ00",2212,1446,766,2164,1396,768,-7.2,-5.8,-9.6,102.2,103.6,99.7,512,402,110,256,109,147,-2,6,8,766
376,"315800","2014JJ00",2355,1534,821,2281,1470,811,5.4,5.3,5.6,103.3,104.4,101.2,491,379,112,328,108,220,2,7,5,821
377,"315800","2015JJ00",2633,1701,932,2467,1582,885,8.2,7.6,9.1,106.7,107.5,105.3,501,392,109,427,NA,NA,4,10,6,932
378,"317100","1995JJ00",4751,3483,1268,5114,4039,1157,NA,NA,NA,92.9,86.2,109.5,889,743,146,355,317,38,24,27,3,1268
379,"317100","1996JJ00",4597,3300,1297,5259,4252,1113,2.8,5.3,-3.9,87.4,77.6,116.6,917,770,147,363,321,42,17,22,5,1297
380,"317100","1997JJ00",4868,3518,1350,5642,4486,1245,7.3,5.5,11.9,86.3,78.4,108.4,904,775,129,447,328,119,-1,9,10,1350
381,"317100","1998JJ00",4978,3642,1336,5713,4651,1181,1.3,3.7,-5.1,87.1,78.3,113.1,954,768,186,384,340,44,-2,11,13,1336
382,"317100","1999JJ00",5147,3733,1414,5918,4736,1281,3.6,1.8,8.5,87,78.8,110.4,991,791,200,420,354,66,3,17,14,1414
383,"317100","2000JJ00",5760,4309,1451,6049,4852,1301,2.2,2.5,1.6,95.2,88.8,111.5,1028,812,216,420,370,50,3,18,15,1451
384,"317100","2001JJ00",5784,4196,1588,5899,4770,1238,-2.5,-1.7,-4.8,98,88,128.2,1038,838,200,546,381,165,4,21,17,1588
385,"317100","2002JJ00",5711,4064,1647,5906,4666,1316,0.1,-2.2,6.2,96.7,87.1,125.2,1040,837,203,601,395,206,6,24,18,1647
386,"317100","2003JJ00",5658,4042,1616,5936,4635,1360,0.5,-0.7,3.4,95.3,87.2,118.8,1036,832,204,585,392,193,-5,13,18,1616
387,"317100","2004JJ00",5814,4142,1672,6209,4786,1468,4.6,3.3,7.9,93.6,86.5,113.9,1037,833,204,640,393,247,-5,13,18,1672
388,"317100","2005JJ00",5836,4214,1622,6273,4801,1509,1,0.3,2.8,93,87.8,107.5,1013,822,191,612,399,213,-3,14,17,1622
389,"317100","2006JJ00",6142,4442,1700,6488,4891,1622,3.4,1.9,7.5,94.7,90.8,104.8,1010,822,188,693,403,290,-3,14,17,1700
390,"317100","2007JJ00",6358,4540,1818,6413,4826,1610,-1.2,-1.3,-0.7,99.1,94.1,112.9,1005,814,191,815,403,412,-2,16,18,1818
391,"317100","2008JJ00",6107,4397,1710,6083,4514,1581,-5.1,-6.5,-1.8,100.4,97.4,108.1,1003,797,206,708,404,304,-1,18,19,1710
392,"317100","2009JJ00",5288,3726,1562,5502,4043,1465,-9.6,-10.4,-7.4,96.1,92.1,106.6,937,759,178,629,399,230,-4,22,26,1562
393,"317100","2010JJ00",5771,4191,1580,5771,4191,1580,4.9,3.7,7.9,100,100,100,976,787,189,601,392,209,3,26,23,1580
394,"317100","2011JJ00",5992,4406,1586,5703,4181,1522,-1.2,-0.2,-3.7,105.1,105.4,104.2,1001,802,199,575,379,196,10,27,17,1586
395,"317100","2012JJ00",5917,4440,1477,5702,4206,1496,0,0.6,-1.7,103.8,105.6,98.7,1006,794,212,458,372,86,13,26,13,1477
396,"317100","2013JJ00",5821,4400,1421,5603,4170,1430,-1.7,-0.9,-4.4,103.9,105.5,99.4,1022,814,208,385,363,22,14,25,11,1421
397,"317100","2014JJ00",5870,4346,1524,5661,4172,1489,1,0,4.1,103.7,104.2,102.4,1033,825,208,472,354,118,19,27,8,1524
398,"317100","2015JJ00",5943,4501,1442,5770,4272,1497,1.9,2.4,0.6,103,105.4,96.3,1048,844,204,377,NA,NA,17,26,9,1442
399,"318600","1995JJ00",5318,2898,2420,5406,3203,2199,NA,NA,NA,98.4,90.5,110,1426,1197,229,988,311,677,6,6,0,2420
400,"318600","1996JJ00",5544,3055,2489,5588,3404,2197,3.4,6.3,-0.1,99.2,89.7,113.3,1448,1205,243,1040,319,721,1,5,4,2489
401,"318600","1997JJ00",5621,3100,2521,5828,3482,2345,4.3,2.3,6.7,96.4,89,107.5,1407,1197,210,1112,331,781,2,7,5,2521
402,"318600","1998JJ00",5852,3299,2553,6011,3662,2360,3.1,5.2,0.6,97.4,90.1,108.2,1460,1153,307,1099,350,749,-6,3,9,2553
403,"318600","1999JJ00",6002,3376,2626,6099,3740,2374,1.5,2.1,0.6,98.4,90.3,110.6,1484,1171,313,1145,368,777,-3,5,8,2626
404,"318600","2000JJ00",6200,3560,2640,6149,3781,2385,0.8,1.1,0.5,100.8,94.2,110.7,1552,1209,343,1090,386,704,-2,9,11,2640
405,"318600","2001JJ00",6290,3654,2636,6034,3740,2315,-1.9,-1.1,-3,104.2,97.7,113.9,1544,1230,314,1097,395,702,-5,10,15,2636
406,"318600","2002JJ00",5978,3506,2472,5745,3596,2174,-4.8,-3.9,-6.1,104.1,97.5,113.7,1543,1223,320,937,403,534,-8,10,18,2472
407,"318600","2003JJ00",5583,3311,2272,5444,3405,2063,-5.2,-5.3,-5.1,102.5,97.2,110.1,1477,1169,308,796,400,396,-1,9,10,2272
408,"318600","2004JJ00",5457,3179,2278,5370,3336,2054,-1.4,-2,-0.4,101.6,95.3,110.9,1469,1167,302,813,399,414,-4,9,13,2278
409,"318600","2005JJ00",5533,3140,2393,5411,3269,2149,0.8,-2,4.6,102.3,96.1,111.3,1395,1127,268,1000,403,597,-2,9,11,2393
410,"318600","2006JJ00",5480,3170,2310,5343,3262,2093,-1.2,-0.2,-2.6,102.6,97.2,110.3,1400,1133,267,911,411,500,-1,6,7,2310
411,"318600","2007JJ00",5716,3323,2393,5525,3352,2183,3.4,2.8,4.3,103.4,99.1,109.6,1446,1164,282,947,419,528,0,7,7,2393
412,"318600","2008JJ00",5493,3150,2343,5304,3147,2159,-4,-6.1,-1.1,103.6,100.1,108.5,1469,1171,298,873,430,443,1,9,8,2343
413,"318600","2009JJ00",5154,2927,2227,5045,2968,2078,-4.9,-5.7,-3.8,102.2,98.6,107.2,1367,1102,265,857,439,418,3,12,9,2227
414,"318600","2010JJ00",4734,2776,1958,4734,2776,1958,-6.2,-6.5,-5.8,100,100,100,1255,1011,244,703,439,264,0,10,10,1958
415,"318600","2011JJ00",4688,2838,1850,4700,2758,1942,-0.7,-0.6,-0.8,99.7,102.9,95.3,1147,918,229,702,430,272,1,10,9,1850
416,"318600","2012JJ00",4337,2640,1697,4371,2588,1781,-7,-6.2,-8.3,99.2,102,95.3,1121,881,240,577,430,147,-1,7,8,1697
417,"318600","2013JJ00",4189,2630,1559,4343,2588,1752,-0.6,0,-1.6,96.5,101.6,89,1050,842,208,510,428,82,-1,6,7,1559
418,"318600","2014JJ00",4020,2624,1396,4198,2580,1604,-3.3,-0.3,-8.5,95.8,101.7,87.1,953,754,199,445,423,22,-2,4,6,1396
419,"318600","2015JJ00",3942,2638,1304,4149,2581,1549,-1.2,0,-3.4,95,102.2,84.2,884,707,177,418,NA,NA,2,7,5,1304
420,"320000","1995JJ00",7564,7052,512,28003,26894,1171,NA,NA,NA,27,26.2,43.7,412,282,130,99,619,-520,1,1,0,512
421,"320000","1996JJ00",9113,8708,405,28010,27100,1052,0,0.8,-10.2,32.5,32.1,38.5,434,299,135,-30,615,-645,1,1,0,405
422,"320000","1997JJ00",9294,8904,390,26731,26406,551,-4.6,-2.6,-47.7,34.8,33.7,70.8,426,300,126,-37,625,-662,1,1,0,390
423,"320000","1998JJ00",7445,6558,887,27102,26712,587,1.4,1.2,6.7,27.5,24.6,151,443,286,157,443,633,-190,1,1,0,887
424,"320000","1999JJ00",8680,8277,403,25428,24858,584,-6.2,-6.9,-0.6,34.1,33.3,69,405,282,123,-3,607,-610,1,1,0,403
425,"320000","2000JJ00",14968,14155,813,26081,25354,668,2.6,2,14.4,57.4,55.8,121.7,421,279,142,391,585,-194,1,1,0,813
426,"320000","2001JJ00",13874,12520,1354,25767,25073,649,-1.2,-1.1,-2.8,53.8,49.9,208.5,429,295,134,916,574,342,9,9,0,1354
427,"320000","2002JJ00",11940,10956,984,23815,23128,611,-7.6,-7.8,-5.9,50.1,47.4,161.1,453,310,143,523,567,-44,8,17,9,984
428,"320000","2003JJ00",12327,11038,1289,24348,23512,664,2.2,1.7,8.6,50.6,46.9,194.2,482,324,158,800,558,242,7,7,0,1289
429,"320000","2004JJ00",14871,13208,1663,24976,24066,694,2.6,2.4,4.5,59.5,54.9,239.8,500,336,164,1156,546,610,7,9,2,1663
430,"320000","2005JJ00",20355,18057,2298,25278,24387,695,1.2,1.3,0.2,80.5,74,330.5,504,343,161,1774,546,1228,20,21,1,2298
431,"320000","2006JJ00",23051,21174,1877,25309,24697,633,0.1,1.3,-8.9,91.1,85.7,296.4,501,344,157,1366,560,806,10,11,1,1877
432,"320000","2007JJ00",24333,22332,2001,25838,25172,658,2.1,1.9,3.9,94.2,88.7,304,525,359,166,1466,570,896,10,11,1,2001
433,"320000","2008JJ00",29395,27047,2348,25859,25265,638,0.1,0.4,-3.1,113.7,107.1,368.2,1106,411,695,1233,592,641,9,10,1,2348
434,"320000","2009JJ00",20295,18937,1358,25572,24941,643,-1.1,-1.3,0.9,79.4,75.9,211,2474,422,2052,-1123,616,-1739,7,8,1,1358
435,"320000","2010JJ00",26352,25682,670,26352,25682,670,3.1,3,4.1,100,100,100,580,406,174,83,616,-533,7,8,1,670
436,"320000","2011JJ00",32869,31887,982,25848,24918,930,-1.9,-3,38.8,127.2,128,105.6,718,408,310,245,622,-377,19,19,0,982
437,"320000","2012JJ00",37465,36421,1044,26995,26085,898,4.4,4.7,-3.5,138.8,139.6,116.3,616,419,197,411,643,-232,17,18,1,1044
438,"320000","2013JJ00",35358,34686,672,27276,26330,938,1,0.9,4.5,129.6,131.7,71.6,507,427,80,149,656,-507,16,16,0,672
439,"320000","2014JJ00",31959,32258,-299,27411,26472,921,0.5,0.5,-1.8,116.6,121.9,-32.4,684,428,256,-1015,663,-1678,32,32,0,-299
440,"320000","2015JJ00",24099,23886,213,28813,27815,928,5.1,5.1,0.7,83.6,85.9,23,672,454,218,-490,NA,NA,31,31,0,213
441,"320705","1995JJ00",23820,15436,8384,31716,26333,6227,NA,NA,NA,75.1,58.6,134.6,3278,2778,500,5036,1966,3070,70,88,18,8384
442,"320705","1996JJ00",24359,16318,8041,32856,27287,6448,3.6,3.6,3.5,74.1,59.8,124.7,3309,2798,511,4679,1993,2686,53,77,24,8041
443,"320705","1997JJ00",26545,18098,8447,34500,29008,6600,5,6.3,2.4,76.9,62.4,128,3358,2890,468,5062,1995,3067,27,53,26,8447
444,"320705","1998JJ00",25955,17481,8474,35098,29659,6642,1.7,2.2,0.6,73.9,58.9,127.6,3356,2753,603,5106,2009,3097,12,51,39,8474
445,"320705","1999JJ00",27227,18665,8562,37262,30939,7304,6.2,4.3,10,73.1,60.3,117.2,3345,2783,562,5197,2032,3165,20,58,38,8562
446,"320705","2000JJ00",33041,24010,9031,39568,32784,7792,6.2,6,6.7,83.5,73.2,115.9,3477,2863,614,5525,2101,3424,29,66,37,9031
447,"320705","2001JJ00",33707,23799,9908,40797,32838,8644,3.1,0.2,10.9,82.6,72.5,114.6,3708,3034,674,6177,2174,4003,23,68,45,9908
448,"320705","2002JJ00",34441,23469,10972,42526,33180,9674,4.2,1,11.9,81,70.7,113.4,4046,3228,818,6900,2246,4654,26,78,52,10972
449,"320705","2003JJ00",35053,24118,10935,42764,33347,9740,0.6,0.5,0.7,82,72.3,112.3,4061,3298,763,6840,2293,4547,34,73,39,10935
450,"320705","2004JJ00",38119,26528,11591,44177,33950,10384,3.3,1.8,6.6,86.3,78.1,111.6,4115,3274,841,7444,2342,5102,32,73,41,11591
451,"320705","2005JJ00",41591,29916,11675,44943,34403,10659,1.7,1.3,2.6,92.5,87,109.5,4228,3278,950,7399,2392,5007,48,86,38,11675
452,"320705","2006JJ00",45352,32863,12489,46350,34912,11443,3.1,1.5,7.4,97.8,94.1,109.1,4137,3375,762,8314,2464,5850,38,77,39,12489
453,"320705","2007JJ00",47579,34342,13237,47620,35442,12124,2.7,1.5,5.9,99.9,96.9,109.2,4255,3457,798,8951,2556,6395,31,74,43,13237
454,"320705","2008JJ00",47232,34556,12676,44429,33280,11123,-6.7,-6.1,-8.3,106.3,103.8,114,4329,3496,833,8307,2686,5621,40,96,56,12676
455,"320705","2009JJ00",38766,28473,10293,42960,32388,10564,-3.3,-2.7,-5,90.2,87.9,97.4,4218,3347,871,6064,2800,3264,11,108,97,10293
456,"320705","2010JJ00",45208,34157,11051,45208,34157,11051,5.2,5.5,4.6,100,100,100,4227,3459,768,6809,2879,3930,15,90,75,11051
457,"320705","2011JJ00",53438,41805,11633,47666,36826,10840,5.4,7.8,-1.9,112.1,113.5,107.3,4316,3482,834,7275,2943,4332,42,107,65,11633
458,"320705","2012JJ00",56131,44458,11673,49003,37530,11492,2.8,1.9,6,114.5,118.5,101.6,4254,3381,873,7369,3012,4357,50,101,51,11673
459,"320705","2013JJ00",51158,41411,9747,46459,35733,10719,-5.2,-4.8,-6.7,110.1,115.9,90.9,4361,3552,809,5348,2889,2459,38,79,41,9747
460,"320705","2014JJ00",49710,40102,9608,45893,35681,10100,-1.2,-0.1,-5.8,108.3,112.4,95.1,4399,3466,933,5165,2963,2202,44,89,45,9608
461,"320705","2015JJ00",46638,35368,11270,45462,35175,10206,-0.9,-1.4,1.1,102.6,100.5,110.4,4513,3666,847,6718,NA,NA,39,83,44,11270
462,"320700","1995JJ00",20567,13890,6677,28405,24538,4646,NA,NA,NA,72.4,56.6,143.7,2642,2255,387,3964,1452,2512,71,84,13,6677
463,"320700","1996JJ00",20862,14614,6248,29231,25265,4775,2.9,3,2.8,71.4,57.8,130.8,2672,2271,401,3520,1466,2054,56,73,17,6248
464,"320700","1997JJ00",22724,16296,6428,30539,26909,4762,4.5,6.5,-0.3,74.4,60.6,135,2714,2348,366,3682,1465,2217,32,50,18,6428
465,"320700","1998JJ00",21831,15466,6365,30831,27284,4755,1,1.4,-0.2,70.8,56.7,133.9,2708,2236,472,3637,1474,2163,20,47,27,6365
466,"320700","1999JJ00",22716,16464,6252,32452,28272,5194,5.3,3.6,9.2,70,58.2,120.4,2650,2223,427,3578,1485,2093,24,51,27,6252
467,"320700","2000JJ00",28130,21573,6557,34494,30050,5522,6.3,6.3,6.3,81.6,71.8,118.8,2727,2280,447,3800,1527,2273,30,57,27,6557
468,"320700","2001JJ00",28456,21312,7144,35412,30105,6119,2.7,0.2,10.8,80.4,70.8,116.8,2914,2402,512,4204,1569,2635,26,59,33,7144
469,"320700","2002JJ00",28551,20766,7785,36389,30156,6760,2.8,0.2,10.5,78.5,68.9,115.2,3157,2524,633,4602,1615,2987,26,67,41,7785
470,"320700","2003JJ00",29271,21250,8021,36657,30156,6943,0.7,0,2.7,79.9,70.5,115.5,3105,2553,552,4881,1645,3236,35,63,28,8021
471,"320700","2004JJ00",32439,23606,8833,38241,30769,7664,4.3,2,10.4,84.8,76.7,115.3,3126,2506,620,5674,1680,3994,33,62,29,8833
472,"320700","2005JJ00",36015,26858,9157,39081,31206,7992,2.2,1.4,4.3,92.2,86.1,114.6,3215,2482,733,5895,1716,4179,47,74,27,9157
473,"320700","2006JJ00",39717,29666,10051,40419,31714,8686,3.4,1.6,8.7,98.3,93.5,115.7,3112,2566,546,6902,1767,5135,37,65,28,10051
474,"320700","2007JJ00",41452,30925,10527,41268,32197,9016,2.1,1.5,3.8,100.4,96.1,116.8,3171,2605,566,7326,1840,5486,30,61,31,10527
475,"320700","2008JJ00",41398,31480,9918,38648,30237,8374,-6.3,-6.1,-7.1,107.1,104.1,118.4,3246,2648,598,6638,1946,4692,34,76,42,9918
476,"320700","2009JJ00",33119,25681,7438,37259,29470,7792,-3.6,-2.5,-6.9,88.9,87.1,95.5,3142,2500,642,4293,2035,2258,3,83,80,7438
477,"320700","2010JJ00",39467,31174,8293,39467,31174,8293,5.9,5.8,6.4,100,100,100,3165,2594,571,5121,2096,3025,7,61,54,8293
478,"320700","2011JJ00",47941,38978,8963,42299,34104,8195,7.2,9.4,-1.2,113.3,114.3,109.4,3298,2651,647,5637,2144,3493,28,78,50,8963
479,"320700","2012JJ00",50355,41621,8734,43315,34838,8480,2.4,2.2,3.5,116.3,119.5,103,3370,2675,695,5329,2197,3132,35,77,42,8734
480,"320700","2013JJ00",46834,38714,8120,40949,33192,7720,-5.5,-4.7,-9,114.4,116.6,105.2,3469,2829,640,4622,2237,2385,29,62,33,8120
481,"320700","2014JJ00",45376,37294,8082,40358,33020,7267,-1.4,-0.5,-5.9,112.4,112.9,111.2,3531,2769,762,4513,2295,2218,38,73,35,8082
482,"320700","2015JJ00",42126,32480,9646,39802,32406,7330,-1.4,-1.9,0.9,105.8,100.2,131.6,3600,2927,673,6012,NA,NA,34,69,35,9646
483,"323200","1995JJ00",3253,1546,1707,3478,1952,1542,NA,NA,NA,93.5,79.2,110.7,636,523,113,1072,514,558,-1,4,5,1707
484,"323200","1996JJ00",3497,1704,1793,3754,2137,1642,7.9,9.5,6.5,93.2,79.7,109.2,637,527,110,1159,527,632,-3,4,7,1793
485,"323200","1997JJ00",3821,1802,2019,4060,2235,1832,8.1,4.6,11.5,94.1,80.6,110.2,644,542,102,1380,530,850,-5,3,8,2019
486,"323200","1998JJ00",4124,2015,2109,4318,2457,1890,6.4,9.9,3.2,95.5,82,111.6,648,517,131,1469,535,934,-8,4,12,2109
487,"323200","1999JJ00",4511,2201,2310,4791,2695,2121,11,9.7,12.2,94.2,81.7,108.9,695,560,135,1619,547,1072,-4,7,11,2310
488,"323200","2000JJ00",4911,2437,2474,5063,2790,2284,5.7,3.5,7.7,97,87.3,108.3,750,583,167,1725,574,1151,-1,9,10,2474
489,"323200","2001JJ00",5251,2487,2764,5348,2789,2541,5.6,0,11.2,98.2,89.2,108.8,794,632,162,1973,605,1368,-3,9,12,2764
490,"323200","2002JJ00",5890,2703,3187,6004,3027,2938,12.3,8.5,15.6,98.1,89.3,108.5,889,704,185,2298,631,1667,0,11,11,3187
491,"323200","2003JJ00",5782,2868,2914,5987,3159,2813,-0.3,4.4,-4.2,96.6,90.8,103.6,956,745,211,1959,648,1311,-1,10,11,2914
492,"323200","2004JJ00",5680,2922,2758,5876,3163,2706,-1.9,0.1,-3.8,96.7,92.4,101.9,989,768,221,1770,662,1108,-1,11,12,2758
493,"323200","2005JJ00",5576,3058,2518,5822,3184,2636,-0.9,0.7,-2.6,95.8,96,95.5,1013,796,217,1504,676,828,1,12,11,2518
494,"323200","2006JJ00",5635,3197,2438,5894,3190,2702,1.2,0.2,2.5,95.6,100.2,90.2,1025,809,216,1412,697,715,1,12,11,2438
495,"323200","2007JJ00",6127,3417,2710,6321,3237,3102,7.2,1.5,14.8,96.9,105.6,87.3,1084,852,232,1625,716,909,1,13,12,2710
496,"323200","2008JJ00",5834,3076,2758,5748,3035,2710,-9.1,-6.2,-12.7,101.5,101.3,101.8,1083,848,235,1669,740,929,6,20,14,2758
497,"323200","2009JJ00",5647,2792,2855,5675,2910,2762,-1.3,-4.1,1.9,99.5,95.9,103.4,1076,847,229,1771,765,1006,8,25,17,2855
498,"323200","2010JJ00",5741,2983,2758,5741,2983,2758,1.2,2.5,-0.1,100,100,100,1062,865,197,1688,783,905,8,29,21,2758
499,"323200","2011JJ00",5497,2827,2670,5367,2722,2645,-6.5,-8.7,-4.1,102.4,103.9,100.9,1018,831,187,1638,799,839,14,29,15,2670
500,"323200","2012JJ00",5776,2837,2939,5707,2683,3029,6.3,-1.4,14.5,101.2,105.7,97,884,706,178,2040,815,1225,15,24,9,2939
501,"323200","2013JJ00",4324,2697,1627,5545,2530,3027,-2.8,-5.7,-0.1,78,106.6,53.7,892,723,169,726,652,74,9,17,8,1627
502,"323200","2014JJ00",4334,2808,1526,5613,2662,2865,1.2,5.2,-5.3,77.2,105.5,53.3,868,697,171,652,668,-16,6,16,10,1526
503,"323200","2015JJ00",4512,2888,1624,5817,2781,2926,3.6,4.5,2.1,77.6,103.8,55.5,913,739,174,706,NA,NA,5,14,9,1624
504,"323705","1995JJ00",9094,5241,3853,11282,6961,4213,NA,NA,NA,80.6,75.3,91.5,2033,1705,328,1799,432,1367,21,27,6,3853
505,"323705","1996JJ00",9269,5421,3848,11557,7320,4160,2.4,5.2,-1.2,80.2,74.1,92.5,2047,1715,332,1786,440,1346,15,27,12,3848
506,"323705","1997JJ00",9692,5957,3735,12035,7894,4115,4.1,7.8,-1.1,80.5,75.5,90.8,2081,1781,300,1662,449,1213,-8,13,21,3735
507,"323705","1998JJ00",10195,6316,3879,12586,8380,4200,4.6,6.2,2.1,81,75.4,92.4,2198,1755,443,1695,464,1231,-14,14,28,3879
508,"323705","1999JJ00",10608,6606,4002,13023,8732,4296,3.5,4.2,2.3,81.5,75.7,93.2,2335,1843,492,1682,485,1197,-15,16,31,4002
509,"323705","2000JJ00",11199,7164,4035,13350,8987,4375,2.5,2.9,1.8,83.9,79.7,92.2,2520,1968,552,1532,515,1017,-17,14,31,4035
510,"323705","2001JJ00",11331,7203,4128,13115,8816,4308,-1.8,-1.9,-1.5,86.4,81.7,95.8,2517,2002,515,1631,541,1090,-20,16,36,4128
511,"323705","2002JJ00",11410,7222,4188,13062,8778,4293,-0.4,-0.4,-0.4,87.4,82.3,97.6,2579,2046,533,1630,566,1064,-21,19,40,4188
512,"323705","2003JJ00",11212,7189,4023,12721,8615,4125,-2.6,-1.9,-3.9,88.1,83.4,97.5,2571,2033,538,1462,576,886,-10,19,29,4023
513,"323705","2004JJ00",11309,7323,3986,12921,8579,4337,1.6,-0.4,5.1,87.5,85.4,91.9,2567,2023,544,1434,586,848,-15,18,33,3986
514,"323705","2005JJ00",11839,7808,4031,13238,8729,4499,2.4,1.7,3.7,89.4,89.4,89.6,2539,2025,514,1491,598,893,1,30,29,4031
515,"323705","2006JJ00",12778,8430,4348,13886,9053,4823,4.9,3.7,7.2,92,93.1,90.2,2604,2085,519,1746,614,1132,-2,26,28,4348
516,"323705","2007JJ00",13714,8946,4768,14451,9343,5100,4.1,3.2,5.7,94.9,95.7,93.5,2704,2156,548,2066,635,1431,-2,29,31,4768
517,"323705","2008JJ00",13979,9246,4733,14259,9232,5019,-1.3,-1.2,-1.6,98,100.2,94.3,2825,2234,591,1909,659,1250,-1,35,36,4733
518,"323705","2009JJ00",12274,7612,4662,12385,8048,4327,-13.1,-12.8,-13.8,99.1,94.6,107.7,2731,2189,542,1944,674,1270,-13,40,53,4662
519,"323705","2010JJ00",12287,8058,4229,12287,8058,4229,-0.8,0.1,-2.3,100,100,100,2674,2132,542,1568,685,883,-13,42,55,4229
520,"323705","2011JJ00",13523,9091,4432,13065,8607,4458,6.3,6.8,5.4,103.5,105.6,99.4,2708,2152,556,1721,687,1034,3,44,41,4432
521,"323705","2012JJ00",13098,8868,4230,12438,8303,4128,-4.8,-3.5,-7.4,105.3,106.8,102.5,2809,2196,613,1414,688,726,7,43,36,4230
522,"323705","2013JJ00",13166,8944,4222,12497,8362,4127,0.5,0.7,0,105.4,107,102.3,2815,2178,637,1398,689,709,9,37,28,4222
523,"323705","2014JJ00",13278,8842,4436,12623,8342,4278,1,-0.2,3.6,105.2,106,103.7,2751,2129,622,1670,690,980,15,37,22,4436
524,"323705","2015JJ00",13895,9155,4740,13129,8647,4479,4,3.7,4.7,105.8,105.9,105.8,2739,2145,594,1991,NA,NA,10,30,20,4740
525,"323700","1995JJ00",4510,2701,1809,5429,3568,1845,NA,NA,NA,83.1,75.7,98.1,957,813,144,850,238,612,2,7,5,1809
526,"323700","1996JJ00",4528,2680,1848,5510,3704,1809,1.5,3.8,-1.9,82.2,72.3,102.2,975,826,149,875,242,633,-2,8,10,1848
527,"323700","1997JJ00",4860,2980,1880,5912,4015,1912,7.3,8.4,5.7,82.2,74.2,98.3,1018,871,147,872,247,625,-10,6,16,1880
528,"323700","1998JJ00",5206,3153,2053,6323,4313,2031,7,7.4,6.2,82.3,73.1,101.1,1081,871,210,989,254,735,-17,5,22,2053
529,"323700","1999JJ00",5383,3253,2130,6508,4449,2083,2.9,3.1,2.6,82.7,73.1,102.2,1149,919,230,1001,264,737,-20,5,25,2130
530,"323700","2000JJ00",5708,3561,2147,6660,4510,2162,2.3,1.4,3.8,85.7,79,99.3,1241,982,259,926,279,647,-20,5,25,2147
531,"323700","2001JJ00",5777,3567,2210,6612,4462,2159,-0.7,-1.1,-0.1,87.4,79.9,102.3,1253,1011,242,979,294,685,-22,8,30,2210
532,"323700","2002JJ00",6013,3701,2312,6873,4621,2258,3.9,3.6,4.6,87.5,80.1,102.4,1300,1042,258,1034,308,726,-22,10,32,2312
533,"323700","2003JJ00",6045,3744,2301,6821,4643,2196,-0.8,0.5,-2.8,88.6,80.6,104.8,1294,1035,259,1023,314,709,-16,7,23,2301
534,"323700","2004JJ00",6126,3876,2250,6895,4656,2249,1.1,0.3,2.4,88.8,83.3,100,1300,1039,261,965,323,642,-15,9,24,2250
535,"323700","2005JJ00",6558,4239,2319,7112,4772,2345,3.2,2.5,4.3,92.2,88.8,98.9,1297,1050,247,1032,333,699,-10,12,22,2319
536,"323700","2006JJ00",6947,4522,2425,7337,4848,2487,3.2,1.6,6,94.7,93.3,97.5,1332,1080,252,1103,343,760,-10,11,21,2425
537,"323700","2007JJ00",7352,4760,2592,7625,4949,2669,3.9,2.1,7.3,96.4,96.2,97.1,1392,1125,267,1210,354,856,-10,13,23,2592
538,"323700","2008JJ00",7343,4812,2531,7430,4811,2612,-2.6,-2.8,-2.1,98.8,100,96.9,1472,1181,291,1070,367,703,-11,15,26,2531
539,"323700","2009JJ00",6473,3931,2542,6584,4279,2299,-11.4,-11.1,-12,98.3,91.9,110.6,1413,1151,262,1149,376,773,-20,18,38,2542
540,"323700","2010JJ00",6859,4497,2362,6859,4497,2362,4.2,5.1,2.8,100,100,100,1416,1145,271,961,386,575,-15,20,35,2362
541,"323700","2011JJ00",7557,5108,2449,7202,4746,2456,5,5.5,4,104.9,107.6,99.7,1445,1164,281,1013,392,621,-9,20,29,2449
542,"323700","2012JJ00",7620,5152,2468,7157,4751,2404,-0.6,0.1,-2.1,106.5,108.4,102.7,1522,1204,318,949,396,553,-3,20,23,2468
543,"323700","2013JJ00",7777,5267,2510,7290,4852,2434,1.9,2.1,1.3,106.7,108.6,103.1,1537,1221,316,980,402,578,-7,16,23,2510
544,"323700","2014JJ00",8058,5291,2767,7578,4921,2660,4,1.4,9.3,106.3,107.5,104,1586,1247,339,1186,408,778,-5,14,19,2767
545,"323700","2015JJ00",8351,5416,2935,7820,5056,2768,3.2,2.7,4,106.8,107.1,106,1630,1295,335,1310,NA,NA,-5,13,18,2935
546,"324600","1995JJ00",4584,2540,2044,5858,3369,2449,NA,NA,NA,78.3,75.4,83.5,1076,892,184,949,194,755,19,20,1,2044
547,"324600","1996JJ00",4741,2741,2000,6055,3590,2433,3.4,6.6,-0.6,78.3,76.3,82.2,1072,889,183,911,198,713,17,19,2,2000
548,"324600","1997JJ00",4832,2977,1855,6123,3852,2254,1.1,7.3,-7.3,78.9,77.3,82.3,1063,910,153,790,202,588,2,7,5,1855
549,"324600","1998JJ00",4989,3163,1826,6257,4041,2206,2.2,4.9,-2.2,79.7,78.3,82.8,1117,884,233,706,210,496,3,9,6,1826
550,"324600","1999JJ00",5225,3353,1872,6510,4253,2249,4,5.2,2,80.3,78.8,83.2,1186,924,262,681,221,460,5,11,6,1872
551,"324600","2000JJ00",5491,3603,1888,6685,4441,2239,2.7,4.4,-0.4,82.1,81.1,84.3,1279,986,293,606,236,370,3,9,6,1888
552,"324600","2001JJ00",5554,3636,1918,6495,4320,2171,-2.8,-2.7,-3.1,85.5,84.2,88.4,1264,991,273,652,247,405,2,8,6,1918
553,"324600","2002JJ00",5397,3521,1876,6174,4133,2039,-4.9,-4.3,-6,87.4,85.2,92,1279,1004,275,596,258,338,1,9,8,1876
554,"324600","2003JJ00",5167,3445,1722,5886,3954,1931,-4.7,-4.3,-5.3,87.8,87.1,89.2,1277,998,279,439,262,177,6,12,6,1722
555,"324600","2004JJ00",5183,3447,1736,6012,3908,2100,2.1,-1.2,8.8,86.2,88.2,82.7,1267,984,283,469,263,206,0,9,9,1736
556,"324600","2005JJ00",5281,3569,1712,6110,3943,2164,1.6,0.9,3.1,86.4,90.5,79.1,1242,975,267,459,265,194,11,18,7,1712
557,"324600","2006JJ00",5831,3908,1923,6541,4190,2354,7.1,6.2,8.8,89.1,93.3,81.7,1272,1005,267,643,271,372,8,15,7,1923
558,"324600","2007JJ00",6362,4186,2176,6819,4377,2442,4.2,4.5,3.7,93.3,95.6,89.1,1312,1031,281,856,281,575,8,16,8,2176
559,"324600","2008JJ00",6636,4434,2202,6824,4405,2418,0.1,0.6,-1,97.2,100.7,91.1,1353,1053,300,839,292,547,10,20,10,2202
560,"324600","2009JJ00",5801,3681,2120,5795,3756,2036,-15.1,-14.7,-15.8,100.1,98,104.1,1318,1038,280,795,298,497,7,22,15,2120
561,"324600","2010JJ00",5428,3561,1867,5428,3561,1867,-6.3,-5.2,-8.3,100,100,100,1258,987,271,607,299,308,2,22,20,1867
562,"324600","2011JJ00",5966,3983,1983,5863,3861,2002,8,8.4,7.2,101.8,103.2,99.1,1263,988,275,708,295,413,12,24,12,1983
563,"324600","2012JJ00",5478,3716,1762,5271,3545,1723,-10.1,-8.2,-13.9,103.9,104.8,102.2,1287,992,295,465,292,173,10,23,13,1762
564,"324600","2013JJ00",5389,3677,1712,5195,3500,1692,-1.4,-1.3,-1.8,103.7,105.1,101.2,1278,957,321,418,287,131,16,21,5,1712
565,"324600","2014JJ00",5220,3551,1669,5027,3409,1614,-3.2,-2.6,-4.6,103.8,104.2,103.4,1165,882,283,484,282,202,20,23,3,1669
566,"324600","2015JJ00",5544,3739,1805,5291,3580,1708,5.3,5,5.8,104.8,104.5,105.7,1109,850,259,681,NA,NA,15,17,2,1805
567,"328105","1995JJ00",14939,9022,5917,19896,13453,6381,NA,NA,NA,75.1,67.1,92.7,3607,3156,451,2289,750,1539,21,32,11,5917
568,"328105","1996JJ00",15087,9226,5861,20454,13951,6473,2.8,3.7,1.4,73.8,66.1,90.5,3678,3219,459,2184,742,1442,-1,28,29,5861
569,"328105","1997JJ00",16212,10100,6112,21433,14967,6528,4.8,7.3,0.9,75.6,67.5,93.6,3873,3365,508,2261,745,1516,-22,18,40,6112
570,"328105","1998JJ00",17234,11005,6229,22456,16136,6512,4.8,7.8,-0.2,76.7,68.2,95.6,3972,3302,670,2291,763,1528,-34,20,54,6229
571,"328105","1999JJ00",17020,10817,6203,22419,16073,6527,-0.2,-0.4,0.2,75.9,67.3,95,4146,3431,715,2091,795,1296,-34,28,62,6203
572,"328105","2000JJ00",18934,11809,7125,23489,16405,7148,4.8,2.1,9.5,80.6,72,99.7,4564,3634,930,2595,850,1745,-34,27,61,7125
573,"328105","2001JJ00",18407,11611,6796,22921,15935,7027,-2.4,-2.9,-1.7,80.3,72.9,96.7,4599,3744,855,2229,894,1335,-32,36,68,6796
574,"328105","2002JJ00",17998,11320,6678,22322,15470,6881,-2.6,-2.9,-2.1,80.6,73.2,97.1,4700,3813,887,2040,928,1112,-62,40,102,6678
575,"328105","2003JJ00",17902,11151,6751,21868,15041,6827,-2,-2.8,-0.8,81.9,74.1,98.9,4653,3779,874,2126,935,1191,-28,29,57,6751
576,"328105","2004JJ00",19924,12440,7484,22986,15785,7194,5.1,5,5.4,86.7,78.8,104,4657,3760,897,2865,940,1925,-38,29,67,7484
577,"328105","2005JJ00",21300,13348,7952,23437,16066,7357,2,1.8,2.3,90.9,83.1,108.1,4668,3804,864,3297,945,2352,-13,42,55,7952
578,"328105","2006JJ00",23249,14874,8375,24336,16806,7544,3.8,4.6,2.5,95.5,88.5,111,4774,3890,884,3617,959,2658,-16,36,52,8375
579,"328105","2007JJ00",25938,16993,8945,26163,18148,8046,7.5,8,6.7,99.1,93.6,111.2,5114,4149,965,3853,991,2862,-22,37,59,8945
580,"328105","2008JJ00",27017,18178,8839,26470,18380,8125,1.2,1.3,1,102.1,98.9,108.8,5437,4384,1053,3454,1030,2424,-52,46,98,8839
581,"328105","2009JJ00",21701,14300,7401,22382,15505,6903,-15.4,-15.6,-15,97,92.2,107.2,5121,4109,1012,2529,1053,1476,-249,53,302,7401
582,"328105","2010JJ00",24886,17032,7854,24886,17032,7854,11.2,9.8,13.8,100,100,100,5025,4036,989,2901,1060,1841,-72,60,132,7854
583,"328105","2011JJ00",27440,19294,8146,26351,18174,8177,5.9,6.7,4.1,104.1,106.2,99.6,5170,4136,1034,2988,1048,1940,-12,65,77,8146
584,"328105","2012JJ00",25819,17783,8036,24859,17052,7813,-5.7,-6.2,-4.5,103.9,104.3,102.9,5225,4139,1086,2819,1049,1770,-8,53,61,8036
585,"328105","2013JJ00",25217,17388,7829,24607,17108,7502,-1,0.3,-4,102.5,101.6,104.4,5186,4122,1064,2645,1050,1595,-2,52,54,7829
586,"328105","2014JJ00",25723,17256,8467,25156,17346,7809,2.2,1.4,4.1,102.3,99.5,108.4,5308,4143,1165,3151,1054,2097,8,56,48,8467
587,"328105","2015JJ00",26055,17361,8694,25520,17647,7876,1.4,1.7,0.9,102.1,98.4,110.4,5403,4263,1140,3283,NA,NA,8,56,48,8694
588,"328100","1995JJ00",4617,2817,1800,5914,4847,1183,NA,NA,NA,78.1,58.1,152.1,955,822,133,832,321,511,13,15,2,1800
589,"328100","1996JJ00",4309,2769,1540,5862,4852,1155,-0.9,0.1,-2.4,73.5,57.1,133.4,938,805,133,593,313,280,9,14,5,1540
590,"328100","1997JJ00",4878,3234,1644,6378,5360,1221,8.8,10.5,5.8,76.5,60.3,134.6,979,850,129,663,311,352,2,8,6,1644
591,"328100","1998JJ00",5143,3531,1612,6758,5869,1209,6,9.5,-1,76.1,60.2,133.3,1004,821,183,605,313,292,3,7,4,1612
592,"328100","1999JJ00",4788,3411,1377,6753,5834,1222,-0.1,-0.6,1.1,70.9,58.5,112.7,1014,822,192,358,317,41,5,12,7,1377
593,"328100","2000JJ00",5746,3787,1959,6981,5944,1309,3.4,1.9,7.1,82.3,63.7,149.6,1104,874,230,847,332,515,8,13,5,1959
594,"328100","2001JJ00",5400,3783,1617,6878,5806,1311,-1.5,-2.3,0.2,78.5,65.2,123.3,1111,908,203,498,344,154,8,14,6,1617
595,"328100","2002JJ00",5316,3645,1671,6931,5723,1389,0.8,-1.4,5.9,76.7,63.7,120.3,1103,896,207,566,351,215,2,13,11,1671
596,"328100","2003JJ00",5482,3629,1853,7012,5690,1458,1.2,-0.6,5,78.2,63.8,127.1,1079,874,205,773,349,424,1,7,6,1853
597,"328100","2004JJ00",6768,4308,2460,7784,6217,1668,11,9.3,14.4,87,69.3,147.5,1114,899,215,1345,348,997,1,8,7,2460
598,"328100","2005JJ00",7243,4589,2654,7587,6028,1641,-2.5,-3,-1.6,95.5,76.1,161.7,1154,942,212,1489,347,1142,11,17,6,2654
599,"328100","2006JJ00",8187,5303,2884,7844,6227,1698,3.4,3.3,3.5,104.4,85.2,169.8,1167,952,215,1710,350,1360,7,13,6,2884
600,"328100","2007JJ00",8972,5956,3016,8353,6608,1821,6.5,6.1,7.2,107.4,90.1,165.6,1291,1049,242,1722,360,1362,3,13,10,3016
601,"328100","2008JJ00",8786,6204,2582,8210,6384,1850,-1.7,-3.4,1.6,107,97.2,139.6,1351,1088,263,1259,371,888,-28,15,43,2582
602,"328100","2009JJ00",6042,4409,1633,6565,5112,1474,-20,-19.9,-20.3,92,86.3,110.8,1218,987,231,590,378,212,-175,20,195,1633
603,"328100","2010JJ00",8005,6117,1888,8005,6117,1888,21.9,19.7,28,100,100,100,1183,956,227,742,381,361,-37,23,60,1888
604,"328100","2011JJ00",8799,7025,1774,8121,6429,1692,1.4,5.1,-10.4,108.3,109.3,104.8,1234,995,239,524,373,151,16,29,13,1774
605,"328100","2012JJ00",7807,6073,1734,7464,5807,1661,-8.1,-9.7,-1.8,104.6,104.6,104.4,1216,963,253,504,371,133,14,23,9,1734
606,"328100","2013JJ00",7414,5707,1707,7422,5722,1705,-0.6,-1.5,2.6,99.9,99.7,100.1,1213,968,245,474,369,105,20,26,6,1707
607,"328100","2014JJ00",7488,5488,2000,7634,5793,1845,2.9,1.2,8.3,98.1,94.7,108.4,1238,978,260,738,368,370,24,31,7,2000
608,"328100","2015JJ00",7382,5391,1991,7697,5872,1833,0.8,1.4,-0.6,95.9,91.8,108.6,1274,1017,257,697,NA,NA,20,29,9,1991
609,"330300","1995JJ00",10322,6205,4117,13833,8561,5270,NA,NA,NA,74.6,72.5,78.1,2652,2334,318,1457,429,1028,8,17,9,4117
610,"330300","1996JJ00",10778,6457,4321,14449,9017,5435,4.5,5.3,3.1,74.6,71.6,79.5,2740,2414,326,1591,429,1162,-10,14,24,4321
611,"330300","1997JJ00",11334,6866,4468,14909,9551,5386,3.2,5.9,-0.9,76,71.9,83,2894,2515,379,1598,434,1164,-24,10,34,4468
612,"330300","1998JJ00",12091,7474,4617,15544,10221,5387,4.3,7,0,77.8,73.1,85.7,2968,2481,487,1686,450,1236,-37,13,50,4617
613,"330300","1999JJ00",12232,7406,4826,15512,10191,5383,-0.2,-0.3,-0.1,78.9,72.7,89.6,3132,2609,523,1733,478,1255,-39,16,55,4826
614,"330300","2000JJ00",13188,8022,5166,16338,10410,5932,5.3,2.1,10.2,80.7,77.1,87.1,3460,2760,700,1748,518,1230,-42,14,56,5166
615,"330300","2001JJ00",13007,7828,5179,15876,10086,5791,-2.8,-3.1,-2.4,81.9,77.6,89.4,3488,2836,652,1731,550,1181,-40,22,62,5179
616,"330300","2002JJ00",12682,7675,5007,15237,9719,5525,-4,-3.6,-4.6,83.2,79,90.6,3597,2917,680,1474,577,897,-64,27,91,5007
617,"330300","2003JJ00",12420,7522,4898,14723,9348,5376,-3.4,-3.8,-2.7,84.4,80.5,91.1,3574,2905,669,1353,586,767,-29,22,51,4898
618,"330300","2004JJ00",13156,8132,5024,15093,9616,5481,2.5,2.9,2,87.2,84.6,91.7,3543,2861,682,1520,592,928,-39,21,60,5024
619,"330300","2005JJ00",14057,8759,5298,15738,10032,5710,4.3,4.3,4.2,89.3,87.3,92.8,3514,2862,652,1808,598,1210,-24,25,49,5298
620,"330300","2006JJ00",15062,9571,5491,16378,10562,5828,4.1,5.3,2.1,92,90.6,94.2,3607,2938,669,1907,609,1298,-23,23,46,5491
621,"330300","2007JJ00",16966,11037,5929,17697,11516,6198,8.1,9,6.4,95.9,95.8,95.7,3823,3100,723,2131,631,1500,-25,24,49,5929
622,"330300","2008JJ00",18231,11974,6257,18176,11953,6240,2.7,3.8,0.7,100.3,100.2,100.3,4086,3296,790,2195,659,1536,-24,31,55,6257
623,"330300","2009JJ00",15659,9891,5768,15770,10349,5436,-13.2,-13.4,-12.9,99.3,95.6,106.1,3903,3122,781,1939,675,1264,-74,33,107,5768
624,"330300","2010JJ00",16881,10915,5966,16881,10915,5966,7,5.5,9.7,100,100,100,3842,3080,762,2159,679,1480,-35,37,72,5966
625,"330300","2011JJ00",18641,12269,6372,18230,11745,6485,8,7.6,8.7,102.3,104.5,98.3,3936,3141,795,2464,675,1789,-28,36,64,6372
626,"330300","2012JJ00",18012,11710,6302,17407,11256,6148,-4.5,-4.2,-5.2,103.5,104,102.5,4009,3176,833,2315,678,1637,-22,30,52,6302
627,"330300","2013JJ00",17803,11681,6122,17197,11397,5793,-1.2,1.3,-5.8,103.5,102.5,105.7,3973,3154,819,2171,681,1490,-22,26,48,6122
628,"330300","2014JJ00",18235,11768,6467,17535,11564,5962,2,1.5,2.9,104,101.8,108.5,4070,3165,905,2413,686,1727,-16,25,41,6467
629,"330300","2015JJ00",18673,11970,6703,17833,11785,6041,1.7,1.9,1.3,104.7,101.6,111,4129,3246,883,2586,NA,NA,-12,27,39,6703
630,"332910","1995JJ00",12989,7022,5967,13371,8734,4038,NA,NA,NA,97.1,80.4,147.8,2322,2072,250,3656,1243,2413,-11,8,19,5967
631,"332910","1996JJ00",14143,8000,6143,14576,9779,4262,9,12,5.5,97,81.8,144.1,2399,2132,267,3762,1291,2471,-18,10,28,6143
632,"332910","1997JJ00",17458,11025,6433,17795,13195,4489,22.1,34.9,5.3,98.1,83.6,143.3,2458,2226,232,3992,1351,2641,-17,12,29,6433
633,"332910","1998JJ00",19622,12644,6978,20043,14882,5045,12.6,12.8,12.4,97.9,85,138.3,2438,2088,350,4567,1424,3143,-27,12,39,6978
634,"332910","1999JJ00",22466,14856,7610,23072,17195,5768,15.1,15.5,14.3,97.4,86.4,131.9,2520,2151,369,5106,1498,3608,-16,19,35,7610
635,"332910","2000JJ00",25537,17169,8368,25823,19054,6581,11.9,10.8,14.1,98.9,90.1,127.2,2647,2263,384,5738,1608,4130,-17,19,36,8368
636,"332910","2001JJ00",25585,17891,7694,25580,19232,6266,-0.9,0.9,-4.8,100,93,122.8,2698,2361,337,5017,1725,3292,-21,20,41,7694
637,"332910","2002JJ00",24013,17823,6190,24245,18802,5504,-5.2,-2.2,-12.2,99,94.8,112.5,2861,2395,466,3357,1819,1538,-28,20,48,6190
638,"332910","2003JJ00",24612,18893,5719,25043,19532,5591,3.3,3.9,1.6,98.3,96.7,102.3,2748,2272,476,2991,1854,1137,-20,22,42,5719
639,"332910","2004JJ00",26415,20568,5847,26843,21051,5885,7.2,7.8,5.2,98.4,97.7,99.4,2750,2270,480,3123,1868,1255,-26,21,47,5847
640,"332910","2005JJ00",28435,21493,6942,28762,21893,6958,7.1,4,18.2,98.9,98.2,99.8,2662,2218,444,4304,1884,2420,-24,21,45,6942
641,"332910","2006JJ00",29584,22040,7544,29803,22416,7474,3.6,2.4,7.4,99.3,98.3,100.9,2723,2266,457,4849,1923,2926,-28,20,48,7544
642,"332910","2007JJ00",29734,21724,8010,29681,21918,7839,-0.4,-2.2,4.9,100.2,99.1,102.2,2809,2329,480,5234,1957,3277,-33,20,53,8010
643,"332910","2008JJ00",30442,23005,7437,30969,23019,8034,4.3,5,2.5,98.3,99.9,92.6,2982,2461,521,4497,2002,2495,-42,22,64,7437
644,"332910","2009JJ00",29249,22767,6482,29610,22882,6739,-4.4,-0.6,-16.1,98.8,99.5,96.2,2822,2351,471,3736,2019,1717,-76,23,99,6482
645,"332910","2010JJ00",29803,23349,6454,29803,23349,6454,0.7,2,-4.2,100,100,100,2827,2351,476,3696,1986,1710,-69,20,89,6454
646,"332910","2011JJ00",33390,27024,6366,33673,26655,7018,13,14.2,8.7,99.2,101.4,90.7,2954,2456,498,3477,1934,1543,-65,22,87,6366
647,"332910","2012JJ00",33437,27336,6101,33812,26707,7112,0.4,0.2,1.3,98.9,102.4,85.8,3007,2467,540,3143,1887,1256,-49,16,65,6101
648,"332910","2013JJ00",33662,27661,6001,34321,26921,7443,1.5,0.8,4.7,98.1,102.7,80.6,3080,2561,519,2964,1851,1113,-43,21,64,6001
649,"332910","2014JJ00",34386,28471,5915,35360,27663,7761,3,2.8,4.3,97.2,102.9,76.2,3656,2636,1020,2293,1841,452,-34,32,66,5915
650,"332910","2015JJ00",36313,30137,6176,36895,28800,8185,4.3,4.1,5.5,98.4,104.6,75.5,3323,2639,684,2897,NA,NA,-44,26,70,6176
651,"332900","1995JJ00",7413,4273,3140,7328,5407,1540,NA,NA,NA,101.2,79,203.9,1388,1227,161,1758,672,1086,-6,5,11,3140
652,"332900","1996JJ00",8407,5070,3337,8338,6280,1702,13.8,16.1,10.5,100.8,80.7,196,1430,1245,185,1916,701,1215,-9,8,17,3337
653,"332900","1997JJ00",10994,7400,3594,10793,8951,1865,29.5,42.5,9.6,101.9,82.7,192.7,1443,1296,147,2161,736,1425,-10,8,18,3594
654,"332900","1998JJ00",13231,9165,4066,13064,10829,2260,21,21,21.2,101.3,84.6,179.9,1401,1182,219,2682,780,1902,-17,6,23,4066
655,"332900","1999JJ00",15828,11212,4616,15768,12958,2781,20.7,19.7,23,100.4,86.5,166,1471,1224,247,3152,832,2320,-7,13,20,4616
656,"332900","2000JJ00",18513,13309,5204,18153,14740,3295,15.1,13.8,18.5,102,90.3,158,1566,1290,276,3644,911,2733,-6,14,20,5204
657,"332900","2001JJ00",19039,14285,4754,18552,15259,3255,2.2,3.5,-1.2,102.6,93.6,146.1,1591,1336,255,3170,1001,2169,-7,17,24,4754
658,"332900","2002JJ00",18230,14468,3762,17951,15126,2919,-3.2,-0.9,-10.3,101.6,95.7,128.9,1624,1360,264,2151,1075,1076,-13,16,29,3762
659,"332900","2003JJ00",18888,15615,3273,18754,15911,2968,4.5,5.2,1.7,100.7,98.1,110.3,1550,1292,258,1731,1110,621,-8,17,25,3273
660,"332900","2004JJ00",20780,17269,3511,20644,17469,3308,10.1,9.8,11.5,100.7,98.9,106.1,1570,1313,257,1953,1127,826,-12,16,28,3511
661,"332900","2005JJ00",23093,18209,4884,22865,18381,4564,10.8,5.2,38,101,99.1,107,1520,1283,237,3376,1141,2235,-12,16,28,4884
662,"332900","2006JJ00",23876,18682,5194,23765,18914,4920,3.9,2.9,7.8,100.5,98.8,105.6,1550,1304,246,3659,1164,2495,-15,15,30,5194
663,"332900","2007JJ00",23811,18420,5391,23559,18537,5077,-0.9,-2,3.2,101.1,99.4,106.2,1575,1321,254,3835,1180,2655,-19,15,34,5391
664,"332900","2008JJ00",24439,19764,4675,24848,19696,5220,5.5,6.2,2.8,98.4,100.3,89.6,1689,1408,281,3012,1203,1809,-26,16,42,4675
665,"332900","2009JJ00",24177,19776,4401,24405,19833,4579,-1.8,0.7,-12.3,99.1,99.7,96.1,1676,1397,279,2772,1201,1571,-47,15,62,4401
666,"332900","2010JJ00",24871,20418,4453,24871,20418,4453,1.9,2.9,-2.7,100,100,100,1760,1464,296,2742,1164,1578,-49,13,62,4453
667,"332900","2011JJ00",27719,23632,4087,28204,23401,4803,13.4,14.6,7.9,98.3,101,85.1,1804,1503,301,2330,1121,1209,-47,15,62,4087
668,"332900","2012JJ00",27909,24010,3899,28551,23535,5045,1.2,0.6,5,97.8,102,77.3,1819,1491,328,2115,1086,1029,-35,11,46,3899
669,"332900","2013JJ00",28247,24401,3846,29194,23783,5532,2.3,1.1,9.6,96.8,102.6,69.5,1911,1592,319,1968,1058,910,-33,14,47,3846
670,"332900","2014JJ00",29154,25308,3846,30389,24607,5977,4.1,3.5,8.1,95.9,102.8,64.3,2198,1647,551,1673,1052,621,-25,26,51,3846
671,"332900","2015JJ00",30711,26805,3906,31714,25611,6349,4.4,4.1,6.2,96.8,104.7,61.5,2057,1654,403,1883,NA,NA,-34,20,54,3906
672,"334800","1995JJ00",5576,2749,2827,6614,3361,3222,NA,NA,NA,84.3,81.8,87.7,934,845,89,1898,571,1327,-5,3,8,2827
673,"334800","1996JJ00",5736,2930,2806,6792,3544,3222,2.7,5.5,0,84.5,82.7,87.1,969,887,82,1846,590,1256,-9,2,11,2806
674,"334800","1997JJ00",6464,3625,2839,7558,4317,3231,11.3,21.8,0.3,85.5,84,87.9,1015,930,85,1831,615,1216,-7,4,11,2839
675,"334800","1998JJ00",6391,3479,2912,7433,4148,3271,-1.7,-3.9,1.2,86,83.9,89,1037,906,131,1885,644,1241,-10,6,16,2912
676,"334800","1999JJ00",6638,3644,2994,7696,4342,3342,3.5,4.7,2.2,86.3,83.9,89.6,1049,927,122,1954,666,1288,-9,6,15,2994
677,"334800","2000JJ00",7024,3860,3164,8026,4419,3589,4.3,1.8,7.4,87.5,87.4,88.2,1081,973,108,2094,697,1397,-11,5,16,3164
678,"334800","2001JJ00",6546,3606,2940,7287,4065,3205,-9.2,-8,-10.7,89.8,88.7,91.7,1107,1025,82,1847,724,1123,-14,3,17,2940
679,"334800","2002JJ00",5783,3355,2428,6486,3755,2721,-11,-7.6,-15.1,89.2,89.3,89.2,1237,1035,202,1206,744,462,-15,4,19,2428
680,"334800","2003JJ00",5724,3278,2446,6458,3689,2759,-0.4,-1.8,1.4,88.6,88.9,88.6,1198,980,218,1260,744,516,-12,5,17,2446
681,"334800","2004JJ00",5635,3299,2336,6307,3623,2675,-2.3,-1.8,-3.1,89.3,91.1,87.3,1180,957,223,1170,741,429,-14,5,19,2336
682,"334800","2005JJ00",5342,3284,2058,5919,3535,2369,-6.2,-2.4,-11.4,90.3,92.9,86.9,1142,935,207,928,743,185,-12,5,17,2058
683,"334800","2006JJ00",5708,3358,2350,6052,3520,2523,2.2,-0.4,6.5,94.3,95.4,93.1,1173,962,211,1190,759,431,-13,5,18,2350
684,"334800","2007JJ00",5923,3304,2619,6143,3396,2742,1.5,-3.5,8.7,96.4,97.3,95.5,1234,1008,226,1399,777,622,-14,5,19,2619
685,"334800","2008JJ00",6003,3241,2762,6129,3334,2791,-0.2,-1.8,1.8,97.9,97.2,98.9,1293,1053,240,1485,799,686,-16,6,22,2762
686,"334800","2009JJ00",5072,2991,2081,5210,3051,2160,-15,-8.5,-22.6,97.3,98,96.4,1146,954,192,964,818,146,-29,8,37,2081
687,"334800","2010JJ00",4932,2931,2001,4932,2931,2001,-5.3,-3.9,-7.4,100,100,100,1067,887,180,954,822,132,-20,7,27,2001
688,"334800","2011JJ00",5671,3392,2279,5469,3254,2215,10.9,11,10.7,103.7,104.2,102.9,1150,953,197,1147,813,334,-18,7,25,2279
689,"334800","2012JJ00",5528,3326,2202,5273,3175,2097,-3.6,-2.4,-5.3,104.8,104.7,105,1188,976,212,1028,801,227,-14,5,19,2202
690,"334800","2013JJ00",5415,3260,2155,5153,3143,2010,-2.3,-1,-4.2,105.1,103.7,107.2,1169,969,200,996,793,203,-10,7,17,2155
691,"334800","2014JJ00",5232,3163,2069,5023,3062,1960,-2.5,-2.6,-2.5,104.2,103.3,105.5,1458,989,469,620,789,-169,-9,6,15,2069
692,"334800","2015JJ00",5602,3332,2270,5236,3195,2040,4.2,4.4,4.1,107,104.3,111.3,1266,985,281,1014,NA,NA,-10,6,16,2270
693,"336500","1995JJ00",9046,5833,3213,10941,7094,3890,NA,NA,NA,82.7,82.2,82.6,2548,2157,391,680,581,99,-15,6,21,3213
694,"336500","1996JJ00",10163,6634,3529,12209,7976,4281,11.6,12.4,10.1,83.2,83.2,82.4,2655,2233,422,896,601,295,-22,5,27,3529
695,"336500","1997JJ00",11332,7513,3819,13469,8930,4590,10.3,12,7.2,84.1,84.1,83.2,2733,2333,400,1111,626,485,-25,6,31,3819
696,"336500","1998JJ00",11933,8129,3804,13979,9541,4488,3.8,6.8,-2.2,85.4,85.2,84.8,2955,2348,607,900,668,232,-51,9,60,3804
697,"336500","1999JJ00",12391,8474,3917,14364,9893,4522,2.8,3.7,0.8,86.3,85.7,86.6,3123,2463,660,833,718,115,-39,15,54,3917
698,"336500","2000JJ00",14392,9614,4778,16491,10922,5624,14.8,10.4,24.4,87.3,88,85,3306,2572,734,1499,783,716,-27,18,45,4778
699,"336500","2001JJ00",14866,10111,4755,16744,11369,5420,1.5,4.1,-3.6,88.8,88.9,87.7,3418,2721,697,1366,855,511,-29,23,52,4755
700,"336500","2002JJ00",14679,9894,4785,16368,11179,5232,-2.2,-1.7,-3.5,89.7,88.5,91.5,3353,2661,692,1479,914,565,-47,23,70,4785
701,"336500","2003JJ00",14458,9431,5027,16146,10618,5558,-1.4,-5,6.2,89.5,88.8,90.4,3375,2692,683,1679,945,734,-27,19,46,5027
702,"336500","2004JJ00",16045,10264,5781,17788,11234,6578,10.2,5.8,18.4,90.2,91.4,87.9,3432,2723,709,2389,970,1419,-40,19,59,5781
703,"336500","2005JJ00",16563,10690,5873,18071,11495,6597,1.6,2.3,0.3,91.7,93,89,3432,2750,682,2472,996,1476,-31,24,55,5873
704,"336500","2006JJ00",18645,11955,6690,20004,12777,7248,10.7,11.2,9.9,93.2,93.6,92.3,3557,2854,703,3162,1032,2130,-29,24,53,6690
705,"336500","2007JJ00",20634,13349,7285,21753,13954,7821,8.7,9.2,7.9,94.9,95.7,93.1,3813,3049,764,3507,1078,2429,-35,25,60,7285
706,"336500","2008JJ00",20522,13258,7264,21084,13477,7630,-3.1,-3.4,-2.4,97.3,98.4,95.2,4097,3271,826,3204,1128,2076,-37,30,67,7264
707,"336500","2009JJ00",17563,11506,6057,17745,11686,6067,-15.8,-13.3,-20.5,99,98.5,99.8,4140,3355,785,2060,1162,898,-143,35,178,6057
708,"336500","2010JJ00",21027,13190,7837,21027,13190,7837,18.5,12.9,29.2,100,100,100,4046,3261,785,3862,1188,2674,-71,37,108,7837
709,"336500","2011JJ00",25231,16427,8804,25006,16220,8786,18.9,23,12.1,100.9,101.3,100.2,4378,3530,848,4485,1225,3260,-59,42,101,8804
710,"336500","2012JJ00",23385,15491,7894,22944,15106,7835,-8.2,-6.9,-10.8,101.9,102.5,100.8,4597,3670,927,3324,1259,2065,-27,57,84,7894
711,"336500","2013JJ00",24079,15924,8155,23468,15558,7906,2.3,3,0.9,102.6,102.4,103.1,4909,3827,1082,3289,1310,1979,-43,37,80,8155
712,"336500","2014JJ00",25490,16635,8855,24674,16248,8420,5.1,4.4,6.5,103.3,102.4,105.2,5037,3982,1055,3866,1360,2506,-48,37,85,8855
713,"336500","2015JJ00",25689,16952,8737,24538,16192,8341,-0.6,-0.3,-0.9,104.7,104.7,104.7,5158,4114,1044,3631,NA,NA,-52,29,81,8737
714,"339205","1995JJ00",6243,4107,2136,7821,5359,2423,NA,NA,NA,79.8,76.6,88.2,1336,1138,198,823,471,352,-23,4,27,2136
715,"339205","1996JJ00",6986,4928,2058,8627,6327,2312,10.3,18.1,-4.6,81,77.9,89,1360,1155,205,706,468,238,-8,5,13,2058
716,"339205","1997JJ00",8345,5900,2445,10120,7480,2661,17.3,18.2,15.1,82.5,78.9,91.9,1412,1214,198,1052,471,581,-19,5,24,2445
717,"339205","1998JJ00",10151,7182,2969,12000,8950,3087,18.6,19.6,16,84.6,80.2,96.2,1536,1230,306,1461,492,969,-28,4,32,2969
718,"339205","1999JJ00",10836,7563,3273,12591,9279,3332,4.9,3.7,7.9,86.1,81.5,98.2,1646,1299,347,1643,533,1110,-16,13,29,3273
719,"339205","2000JJ00",11233,8130,3103,12811,9649,3217,1.7,4,-3.5,87.7,84.3,96.4,1721,1339,382,1393,581,812,-11,14,25,3103
720,"339205","2001JJ00",12156,8634,3522,13753,10022,3748,7.4,3.9,16.5,88.4,86.2,94,1758,1396,362,1770,628,1142,-6,19,25,3522
721,"339205","2002JJ00",11975,8437,3538,13293,9604,3699,-3.3,-4.2,-1.3,90.1,87.8,95.6,1775,1405,370,1808,664,1144,-45,21,66,3538
722,"339205","2003JJ00",11750,8200,3550,12905,9291,3621,-2.9,-3.3,-2.1,91.1,88.3,98,1775,1409,366,1786,666,1120,-11,10,21,3550
723,"339205","2004JJ00",12084,8321,3763,12898,9211,3687,-0.1,-0.9,1.8,93.7,90.3,102.1,1738,1383,355,2040,669,1371,-15,12,27,3763
724,"339205","2005JJ00",11836,8190,3646,12536,8935,3599,-2.8,-3,-2.4,94.4,91.7,101.3,1669,1342,327,1990,670,1320,-13,9,22,3646
725,"339205","2006JJ00",12351,8673,3678,12922,9351,3582,3.1,4.7,-0.5,95.6,92.8,102.7,1695,1356,339,1992,672,1320,-9,13,22,3678
726,"339205","2007JJ00",14639,10287,4352,15029,10787,4246,16.3,15.4,18.5,97.4,95.4,102.5,1748,1394,354,2618,675,1943,-14,13,27,4352
727,"339205","2008JJ00",15550,10946,4604,15501,11206,4305,3.1,3.9,1.4,100.3,97.7,107,1889,1503,386,2743,677,2066,-28,16,44,4604
728,"339205","2009JJ00",11187,8042,3145,11277,8205,3084,-27.3,-26.8,-28.4,99.2,98,102,1913,1543,370,1334,665,669,-102,21,123,3145
729,"339205","2010JJ00",12454,8734,3720,12454,8734,3720,10.4,6.5,20.6,100,100,100,1889,1516,373,1873,648,1225,-42,22,64,3720
730,"339205","2011JJ00",13327,9562,3765,13199,9373,3826,6,7.3,2.8,101,102,98.4,1973,1581,392,1813,635,1178,-21,23,44,3765
731,"339205","2012JJ00",13173,9763,3410,12937,9453,3473,-2,0.9,-9.2,101.8,103.3,98.2,1994,1587,407,1430,632,798,-14,17,31,3410
732,"339205","2013JJ00",13300,9703,3597,12939,9372,3561,0,-0.9,2.5,102.8,103.5,101,2002,1599,403,1603,633,970,-8,20,28,3597
733,"339205","2014JJ00",14257,10515,3742,13819,10129,3681,6.8,8.1,3.4,103.2,103.8,101.7,2091,1649,442,1668,636,1032,-17,17,34,3742
734,"339205","2015JJ00",15816,11789,4027,15197,11152,4035,10,10.1,9.6,104.1,105.7,99.8,2178,1735,443,1864,NA,NA,-15,17,32,4027
735,"339200","1995JJ00",3355,2190,1165,4222,2854,1347,NA,NA,NA,79.5,76.7,86.5,772,654,118,394,308,86,-1,3,4,1165
736,"339200","1996JJ00",4130,2895,1235,5036,3671,1370,19.3,28.6,1.7,82,78.9,90.1,831,701,130,404,328,76,0,3,3,1235
737,"339200","1997JJ00",5184,3696,1488,6199,4615,1603,23.1,25.7,17,83.6,80.1,92.8,895,766,129,594,333,261,-1,3,4,1488
738,"339200","1998JJ00",6354,4420,1934,7482,5464,2026,20.7,18.4,26.4,84.9,80.9,95.4,960,765,195,978,343,635,-4,2,6,1934
739,"339200","1999JJ00",6955,4722,2233,8064,5754,2298,7.8,5.3,13.4,86.2,82.1,97.2,1037,813,224,1189,358,831,7,13,6,2233
740,"339200","2000JJ00",7202,5008,2194,8202,5913,2286,1.7,2.8,-0.5,87.8,84.7,96,1080,836,244,1106,374,732,8,13,5,2194
741,"339200","2001JJ00",7227,5181,2046,8228,6006,2228,0.3,1.6,-2.6,87.8,86.3,91.8,1080,851,229,955,388,567,11,17,6,2046
742,"339200","2002JJ00",7070,5070,2000,7961,5761,2202,-3.3,-4.1,-1.2,88.8,88,90.8,1070,838,232,939,398,541,-9,18,27,2000
743,"339200","2003JJ00",7049,4972,2077,7875,5638,2238,-1.1,-2.1,1.6,89.5,88.2,92.8,1083,853,230,992,398,594,2,7,5,2077
744,"339200","2004JJ00",7360,5121,2239,7895,5617,2277,0.3,-0.4,1.7,93.2,91.2,98.3,1061,838,223,1181,401,780,-3,7,10,2239
745,"339200","2005JJ00",7005,4906,2099,7487,5311,2173,-5.2,-5.4,-4.6,93.6,92.4,96.6,1030,822,208,1072,407,665,-3,4,7,2099
746,"339200","2006JJ00",7397,5214,2183,7820,5593,2227,4.5,5.3,2.5,94.6,93.2,98,1049,834,215,1137,415,722,-3,5,8,2183
747,"339200","2007JJ00",8261,5834,2427,8565,6088,2475,9.5,8.9,11.1,96.4,95.8,98.1,1039,823,216,1395,424,971,-7,5,12,2427
748,"339200","2008JJ00",8440,5933,2507,8491,6048,2440,-0.9,-0.7,-1.4,99.4,98.1,102.7,1107,875,232,1419,435,984,-19,6,25,2507
749,"339200","2009JJ00",4350,3165,1185,4407,3227,1184,-48.1,-46.7,-51.5,98.7,98.1,100.1,1039,834,205,222,434,-212,-76,7,83,1185
750,"339200","2010JJ00",5924,4140,1784,5924,4140,1784,34.4,28.3,50.7,100,100,100,965,770,195,841,426,415,-22,9,31,1784
751,"339200","2011JJ00",7289,5141,2148,7161,5052,2109,20.9,22,18.2,101.8,101.8,101.8,1004,799,205,1152,417,735,-8,10,18,2148
752,"339200","2012JJ00",6585,4771,1814,6409,4639,1770,-10.5,-8.2,-16.1,102.7,102.8,102.5,1032,818,214,789,413,376,-7,7,14,1814
753,"339200","2013JJ00",6303,4487,1816,6092,4350,1742,-5,-6.2,-1.6,103.5,103.1,104.3,1004,797,207,818,409,409,-6,7,13,1816
754,"339200","2014JJ00",6829,4928,1901,6607,4790,1819,8.5,10.1,4.4,103.4,102.9,104.5,1047,819,228,866,408,458,-12,6,18,1901
755,"339200","2015JJ00",8173,5952,2221,7883,5716,2168,19.3,19.3,19.2,103.7,104.1,102.4,1125,890,235,1106,NA,NA,-10,7,17,2221
756,"340200","1995JJ00",2888,1917,971,3629,2500,1106,NA,NA,NA,79.6,76.7,87.8,564,484,80,429,163,266,-22,1,23,971
757,"340200","1996JJ00",2856,2033,823,3625,2650,972,-0.1,6,-12.2,78.8,76.7,84.7,529,454,75,302,140,162,-8,2,10,823
758,"340200","1997JJ00",3161,2204,957,3948,2851,1091,8.9,7.6,12.3,80.1,77.3,87.7,517,448,69,458,138,320,-18,2,20,957
759,"340200","1998JJ00",3797,2762,1035,4544,3470,1089,15.1,21.7,-0.2,83.6,79.6,95.1,576,465,111,483,149,334,-24,2,26,1035
760,"340200","1999JJ00",3881,2841,1040,4552,3507,1064,0.2,1,-2.2,85.3,81,97.7,609,486,123,454,175,279,-23,0,23,1040
761,"340200","2000JJ00",4031,3122,909,4634,3719,960,1.8,6.1,-9.8,87,83.9,94.7,641,503,138,287,207,80,-19,1,20,909
762,"340200","2001JJ00",4929,3453,1476,5557,3999,1560,19.9,7.5,62.5,88.7,86.4,94.6,678,545,133,815,240,575,-17,2,19,1476
763,"340200","2002JJ00",4905,3367,1538,5364,3826,1537,-3.5,-4.3,-1.5,91.4,88,100.1,705,567,138,869,266,603,-36,3,39,1538
764,"340200","2003JJ00",4701,3228,1473,5064,3638,1429,-5.6,-4.9,-7,92.8,88.7,103.1,692,556,136,794,268,526,-13,3,16,1473
765,"340200","2004JJ00",4724,3200,1524,5038,3578,1457,-0.5,-1.6,2,93.8,89.4,104.6,677,545,132,859,268,591,-12,5,17,1524
766,"340200","2005JJ00",4831,3284,1547,5083,3611,1468,0.9,0.9,0.8,95,90.9,105.4,639,520,119,918,263,655,-10,5,15,1547
767,"340200","2006JJ00",4954,3459,1495,5138,3745,1403,1.1,3.7,-4.5,96.4,92.4,106.6,646,522,124,855,257,598,-6,8,14,1495
768,"340200","2007JJ00",6378,4453,1925,6495,4686,1815,26.4,25.2,29.4,98.2,95,106.1,709,571,138,1223,251,972,-7,8,15,1925
769,"340200","2008JJ00",7110,5013,2097,7037,5147,1903,8.3,9.8,4.9,101,97.4,110.2,782,628,154,1324,242,1082,-9,10,19,2097
770,"340200","2009JJ00",6837,4877,1960,6860,4979,1890,-2.5,-3.3,-0.7,99.7,98,103.7,874,709,165,1112,231,881,-26,14,40,1960
771,"340200","2010JJ00",6530,4594,1936,6530,4594,1936,-4.8,-7.7,2.4,100,100,100,924,746,178,1032,222,810,-20,13,33,1936
772,"340200","2011JJ00",6038,4421,1617,6038,4321,1717,-7.5,-5.9,-11.3,100,102.3,94.2,969,782,187,661,218,443,-13,13,26,1617
773,"340200","2012JJ00",6588,4992,1596,6538,4812,1715,8.3,11.4,-0.1,100.8,103.7,93.1,962,769,193,641,219,422,-7,10,17,1596
774,"340200","2013JJ00",6997,5216,1781,6864,5017,1838,5,4.3,7.2,101.9,104,96.9,998,802,196,785,224,561,-2,13,15,1781
775,"340200","2014JJ00",7428,5587,1841,7228,5335,1881,5.3,6.3,2.3,102.8,104.7,97.9,1044,830,214,802,228,574,-5,11,16,1841
776,"340200","2015JJ00",7643,5837,1806,7330,5439,1876,1.4,2,-0.3,104.3,107.3,96.3,1053,845,208,758,NA,NA,-5,10,15,1806
777,"300023","1995JJ00",11456,5838,5618,14546,7519,7028,NA,NA,NA,78.8,77.6,79.9,4488,3811,677,1141,593,548,-11,9,20,5618
778,"300023","1996JJ00",11832,6003,5829,14911,7698,7214,2.5,2.4,2.7,79.3,78,80.8,4465,3786,679,1392,612,780,-28,11,39,5829
779,"300023","1997JJ00",12461,6412,6049,15550,8107,7447,4.3,5.3,3.2,80.1,79.1,81.2,4607,3954,653,1493,617,876,-51,15,66,6049
780,"300023","1998JJ00",13679,6862,6817,16766,8556,8209,7.8,5.5,10.2,81.6,80.2,83,4933,3994,939,1964,632,1332,-80,12,92,6817
781,"300023","1999JJ00",14126,7153,6973,17125,8773,8352,2.1,2.5,1.7,82.5,81.5,83.5,5130,4145,985,1932,651,1281,-89,16,105,6973
782,"300023","2000JJ00",14859,7661,7198,17700,9060,8639,3.4,3.3,3.4,84,84.6,83.3,5439,4359,1080,1844,678,1166,-85,20,105,7198
783,"300023","2001JJ00",15330,7802,7528,18089,9035,9057,2.2,-0.3,4.8,84.7,86.3,83.1,5707,4633,1074,1914,700,1214,-93,23,116,7528
784,"300023","2002JJ00",15317,7653,7664,17807,8813,9001,-1.6,-2.5,-0.6,86,86.8,85.2,5838,4742,1096,1946,720,1226,-120,22,142,7664
785,"300023","2003JJ00",15151,7537,7614,17334,8613,8727,-2.7,-2.3,-3,87.4,87.5,87.2,5942,4820,1122,1751,723,1028,-79,25,104,7614
786,"300023","2004JJ00",15418,7809,7609,17405,8716,8695,0.4,1.2,-0.4,88.6,89.6,87.5,6006,4802,1204,1687,730,957,-84,26,110,7609
787,"300023","2005JJ00",16085,8228,7857,17748,8989,8762,2,3.1,0.8,90.6,91.5,89.7,5956,4800,1156,1974,734,1240,-73,28,101,7857
788,"300023","2006JJ00",16680,8663,8017,18070,9319,8751,1.8,3.7,-0.1,92.3,93,91.6,6073,4886,1187,2010,747,1263,-66,27,93,8017
789,"300023","2007JJ00",17547,9322,8225,18787,9778,9008,4,4.9,2.9,93.4,95.3,91.3,6320,5047,1273,1975,767,1208,-70,29,99,8225
790,"300023","2008JJ00",18309,9742,8567,19057,9963,9091,1.4,1.9,0.9,96.1,97.8,94.2,6564,5153,1411,2075,800,1275,-72,31,103,8567
791,"300023","2009JJ00",16915,8766,8149,17259,8939,8319,-9.4,-10.3,-8.5,98,98.1,98,6642,5137,1505,1595,827,768,-88,36,124,8149
792,"300023","2010JJ00",17233,8980,8253,17233,8980,8253,-0.1,0.5,-0.8,100,100,100,6646,5163,1483,1687,846,841,-80,40,120,8253
793,"300023","2011JJ00",17697,9192,8505,17356,9031,8325,0.7,0.6,0.9,102,101.8,102.2,6642,5116,1526,1933,852,1081,-70,37,107,8505
794,"300023","2012JJ00",18191,9438,8753,17566,9186,8380,1.2,1.7,0.7,103.6,102.7,104.5,6715,5171,1544,2089,864,1225,-51,31,82,8753
795,"300023","2013JJ00",17678,9251,8427,16915,8972,7945,-3.7,-2.3,-5.2,104.5,103.1,106.1,6566,5047,1519,1899,880,1019,-38,28,66,8427
796,"300023","2014JJ00",18111,9518,8593,17149,9213,7942,1.4,2.7,0,105.6,103.3,108.2,6563,5001,1562,2050,890,1160,-20,27,47,8593
797,"300023","2015JJ00",19221,10056,9165,17659,9618,8052,3,4.4,1.4,108.8,104.6,113.8,6638,5118,1520,2539,NA,NA,-12,32,44,9165
798,"900046","1995JJ00",6914,3048,3866,8684,3778,4894,NA,NA,NA,79.6,80.7,79,3043,2589,454,829,379,450,-6,7,13,3866
799,"900046","1996JJ00",7266,3191,4075,9011,3954,5043,3.8,4.7,3.1,80.6,80.7,80.8,3074,2617,457,1027,393,634,-26,9,35,4075
800,"900046","1997JJ00",7714,3389,4325,9467,4140,5313,5.1,4.7,5.3,81.5,81.9,81.4,3207,2759,448,1166,401,765,-48,12,60,4325
801,"900046","1998JJ00",8252,3617,4635,9992,4360,5617,5.5,5.3,5.7,82.6,83,82.5,3391,2772,619,1314,417,897,-70,8,78,4635
802,"900046","1999JJ00",8727,3832,4895,10513,4563,5934,5.2,4.7,5.6,83,84,82.5,3509,2868,641,1469,435,1034,-83,10,93,4895
803,"900046","2000JJ00",9196,4067,5129,10897,4666,6216,3.7,2.2,4.8,84.4,87.2,82.5,3721,3025,696,1491,459,1032,-83,13,96,5129
804,"900046","2001JJ00",9242,4028,5214,10845,4565,6269,-0.5,-2.2,0.9,85.2,88.2,83.2,3918,3211,707,1388,479,909,-92,14,106,5214
805,"900046","2002JJ00",9252,3977,5275,10706,4486,6210,-1.3,-1.7,-0.9,86.4,88.7,84.9,4006,3289,717,1369,498,871,-100,13,113,5275
806,"900046","2003JJ00",9155,3851,5304,10376,4332,6035,-3.1,-3.4,-2.8,88.2,88.9,87.9,4108,3362,746,1273,506,767,-77,16,93,5304
807,"900046","2004JJ00",9227,3928,5299,10354,4345,6001,-0.2,0.3,-0.6,89.1,90.4,88.3,4156,3336,820,1219,514,705,-76,18,94,5299
808,"900046","2005JJ00",9460,4053,5407,10414,4393,6011,0.6,1.1,0.2,90.8,92.3,90,4114,3325,789,1361,517,844,-68,19,87,5407
809,"900046","2006JJ00",9654,4158,5496,10422,4428,5983,0.1,0.8,-0.5,92.6,93.9,91.9,4180,3371,809,1377,524,853,-61,18,79,5496
810,"900046","2007JJ00",10076,4444,5632,10799,4629,6159,3.6,4.5,2.9,93.3,96,91.4,4276,3417,859,1419,534,885,-63,20,83,5632
811,"900046","2008JJ00",10395,4557,5838,10873,4644,6219,0.7,0.3,1,95.6,98.1,93.9,4418,3445,973,1484,555,929,-64,21,85,5838
812,"900046","2009JJ00",9309,3751,5558,9481,3856,5624,-12.8,-17,-9.6,98.2,97.3,98.8,4462,3453,1009,1174,572,602,-78,23,101,5558
813,"900046","2010JJ00",9367,3854,5513,9367,3854,5513,-1.2,-0.1,-2,100,100,100,4516,3473,1043,1071,578,493,-74,24,98,5513
814,"900046","2011JJ00",9442,3985,5457,9303,3866,5437,-0.7,0.3,-1.4,101.5,103.1,100.4,4412,3380,1032,1109,575,534,-64,21,85,5457
815,"900046","2012JJ00",9390,3914,5476,9130,3760,5370,-1.9,-2.7,-1.2,102.9,104.1,102,4399,3352,1047,1121,575,546,-44,19,63,5476
816,"900046","2013JJ00",8956,3678,5278,8614,3532,5084,-5.6,-6.1,-5.3,104,104.1,103.8,4248,3223,1025,1064,579,485,-34,15,49,5278
817,"900046","2014JJ00",9074,3749,5325,8734,3596,5139,1.4,1.8,1.1,103.9,104.3,103.6,4196,3169,1027,1148,575,573,-19,12,31,5325
818,"900046","2015JJ00",9652,4056,5596,9154,3875,5280,4.8,7.8,2.7,105.4,104.7,106,4172,3187,985,1436,NA,NA,-12,18,30,5596
819,"341600","1995JJ00",2668,1609,1059,3503,2087,1418,NA,NA,NA,76.2,77.1,74.7,667,577,90,391,154,237,1,2,1,1059
820,"341600","1996JJ00",2805,1662,1143,3631,2153,1481,3.7,3.2,4.4,77.2,77.2,77.2,680,589,91,465,157,308,-2,3,5,1143
821,"341600","1997JJ00",3074,1774,1300,3937,2266,1674,8.4,5.2,13,78.1,78.3,77.7,692,614,78,612,160,452,-4,4,8,1300
822,"341600","1998JJ00",3403,1935,1468,4281,2430,1854,8.8,7.3,10.8,79.5,79.6,79.2,753,621,132,724,166,558,-9,2,11,1468
823,"341600","1999JJ00",3663,2048,1615,4663,2533,2133,8.9,4.2,15.1,78.6,80.8,75.7,833,678,155,793,175,618,-11,1,12,1615
824,"341600","2000JJ00",3776,2126,1650,4701,2532,2174,0.8,0,1.9,80.3,84,75.9,877,702,175,783,188,595,-10,2,12,1650
825,"341600","2001JJ00",3699,2059,1640,4480,2407,2079,-4.7,-4.9,-4.4,82.6,85.5,78.9,901,729,172,748,198,550,-9,3,12,1640
826,"341600","2002JJ00",3561,1953,1608,4208,2254,1960,-6.1,-6.4,-5.7,84.6,86.6,82,902,730,172,718,208,510,-12,2,14,1608
827,"341600","2003JJ00",3297,1851,1446,3835,2115,1721,-8.9,-6.1,-12.2,86,87.5,84,867,706,161,587,213,374,-8,3,11,1446
828,"341600","2004JJ00",3241,1863,1378,3730,2094,1637,-2.7,-1,-4.9,86.9,89,84.2,817,659,158,566,217,349,-5,4,9,1378
829,"341600","2005JJ00",3406,1967,1439,3840,2156,1685,3,3,3,88.7,91.3,85.4,787,639,148,654,219,435,-2,5,7,1439
830,"341600","2006JJ00",3477,2046,1431,3823,2193,1628,-0.4,1.7,-3.4,90.9,93.3,87.9,776,628,148,656,222,434,-1,5,6,1431
831,"341600","2007JJ00",3761,2221,1540,4046,2309,1735,5.8,5.3,6.6,93,96.2,88.8,805,649,156,735,227,508,0,6,6,1540
832,"341600","2008JJ00",3915,2260,1655,4107,2286,1824,1.5,-1,5.1,95.3,98.9,90.7,834,667,167,821,234,587,0,7,7,1655
833,"341600","2009JJ00",3370,1879,1491,3400,1929,1470,-17.2,-15.6,-19.4,99.1,97.4,101.4,810,653,157,683,239,444,-2,9,11,1491
834,"341600","2010JJ00",3306,1901,1405,3306,1901,1405,-2.8,-1.4,-4.4,100,100,100,806,648,158,601,239,362,-2,8,10,1405
835,"341600","2011JJ00",3260,1934,1326,3201,1871,1330,-3.2,-1.6,-5.3,101.8,103.4,99.7,761,609,152,567,235,332,-2,6,8,1326
836,"341600","2012JJ00",3227,1856,1371,3127,1778,1351,-2.3,-5,1.6,103.2,104.4,101.5,775,616,159,599,232,367,-3,4,7,1371
837,"341600","2013JJ00",2982,1706,1276,2869,1626,1245,-8.3,-8.6,-7.9,104,104.9,102.5,720,575,145,559,228,331,-3,3,6,1276
838,"341600","2014JJ00",3052,1748,1304,2904,1660,1246,1.2,2.1,0.1,105.1,105.3,104.7,704,555,149,604,225,379,-4,2,6,1304
839,"341600","2015JJ00",3467,1978,1489,3260,1856,1406,12.3,11.8,12.9,106.3,106.6,105.9,707,563,144,784,NA,NA,-2,3,5,1489
840,"342400","1995JJ00",4246,1439,2807,5195,1705,3489,NA,NA,NA,81.7,84.4,80.5,2376,2012,364,438,225,213,-7,5,12,2807
841,"342400","1996JJ00",4461,1529,2932,5393,1813,3577,3.8,6.3,2.5,82.7,84.3,82,2394,2028,366,562,236,326,-24,6,30,2932
842,"342400","1997JJ00",4640,1615,3025,5553,1888,3661,3,4.1,2.4,83.6,85.6,82.6,2515,2145,370,554,241,313,-44,8,52,3025
843,"342400","1998JJ00",4849,1682,3167,5743,1947,3792,3.4,3.2,3.6,84.4,86.4,83.5,2638,2151,487,590,251,339,-61,6,67,3167
844,"342400","1999JJ00",5064,1784,3280,5893,2048,3840,2.6,5.2,1.3,85.9,87.1,85.4,2676,2190,486,676,260,416,-72,9,81,3280
845,"342400","2000JJ00",5420,1941,3479,6230,2148,4076,5.7,4.9,6.2,87,90.4,85.3,2844,2323,521,708,271,437,-73,11,84,3479
846,"342400","2001JJ00",5543,1969,3574,6383,2167,4212,2.5,0.9,3.3,86.8,90.9,84.8,3017,2482,535,640,281,359,-83,11,94,3574
847,"342400","2002JJ00",5691,2024,3667,6505,2234,4265,1.9,3.1,1.3,87.5,90.6,86,3104,2559,545,651,290,361,-88,11,99,3667
848,"342400","2003JJ00",5858,2000,3858,6540,2216,4320,0.5,-0.8,1.3,89.6,90.2,89.3,3241,2656,585,686,293,393,-69,13,82,3858
849,"342400","2004JJ00",5986,2065,3921,6619,2249,4366,1.2,1.5,1.1,90.4,91.8,89.8,3339,2677,662,653,297,356,-71,14,85,3921
850,"342400","2005JJ00",6054,2086,3968,6572,2237,4330,-0.7,-0.5,-0.8,92.1,93.2,91.6,3327,2686,641,707,298,409,-66,14,80,3968
851,"342400","2006JJ00",6177,2112,4065,6596,2235,4357,0.4,-0.1,0.6,93.7,94.5,93.3,3404,2743,661,721,302,419,-60,13,73,4065
852,"342400","2007JJ00",6315,2223,4092,6754,2321,4428,2.4,3.8,1.6,93.5,95.8,92.4,3471,2768,703,684,307,377,-63,14,77,4092
853,"342400","2008JJ00",6480,2297,4183,6767,2359,4402,0.2,1.6,-0.6,95.8,97.4,95,3584,2778,806,663,321,342,-64,14,78,4183
854,"342400","2009JJ00",5939,1872,4067,6080,1927,4153,-10.1,-18.3,-5.7,97.7,97.1,97.9,3652,2800,852,491,333,158,-76,14,90,4067
855,"342400","2010JJ00",6061,1953,4108,6061,1953,4108,-0.3,1.3,-1.1,100,100,100,3710,2825,885,470,339,131,-72,16,88,4108
856,"342400","2011JJ00",6182,2051,4131,6102,1995,4107,0.7,2.2,0,101.3,102.8,100.6,3651,2771,880,542,340,202,-62,15,77,4131
857,"342400","2012JJ00",6163,2058,4105,6002,1982,4020,-1.6,-0.6,-2.1,102.7,103.8,102.1,3624,2736,888,522,343,179,-41,15,56,4105
858,"342400","2013JJ00",5974,1972,4002,5746,1906,3839,-4.3,-3.8,-4.5,104,103.4,104.2,3528,2648,880,505,351,154,-31,12,43,4002
859,"342400","2014JJ00",6022,2001,4021,5830,1936,3893,1.5,1.6,1.4,103.3,103.3,103.3,3492,2614,878,544,350,194,-15,10,25,4021
860,"342400","2015JJ00",6185,2078,4107,5891,2018,3872,1,4.2,-0.5,105,102.9,106.1,3465,2624,841,652,NA,NA,-10,15,25,4107
861,"344400","1995JJ00",4542,2790,1752,5863,3738,2129,NA,NA,NA,77.5,74.6,82.3,1445,1222,223,312,214,98,-5,2,7,1752
862,"344400","1996JJ00",4566,2812,1754,5900,3734,2167,0.6,-0.1,1.8,77.4,75.3,80.9,1391,1169,222,365,219,146,-2,2,4,1754
863,"344400","1997JJ00",4747,3023,1724,6079,3958,2130,3,6,-1.7,78.1,76.4,80.9,1400,1195,205,327,216,111,-3,3,6,1724
864,"344400","1998JJ00",5427,3245,2182,6778,4187,2588,11.5,5.8,21.5,80.1,77.5,84.3,1542,1222,320,650,215,435,-10,4,14,2182
865,"344400","1999JJ00",5399,3321,2078,6607,4194,2420,-2.5,0.2,-6.5,81.7,79.2,85.9,1621,1277,344,463,216,247,-6,6,12,2078
866,"344400","2000JJ00",5663,3594,2069,6797,4381,2428,2.9,4.5,0.3,83.3,82,85.2,1718,1334,384,353,219,134,-2,7,9,2069
867,"344400","2001JJ00",6088,3774,2314,7242,4462,2785,6.6,1.9,14.7,84.1,84.6,83.1,1789,1422,367,526,221,305,-1,9,10,2314
868,"344400","2002JJ00",6065,3676,2389,7100,4318,2787,-2,-3.2,0.1,85.4,85.1,85.7,1832,1453,379,577,222,355,-20,9,29,2389
869,"344400","2003JJ00",5996,3686,2310,6957,4274,2689,-2,-1,-3.5,86.2,86.3,85.9,1834,1458,376,478,217,261,-2,9,11,2310
870,"344400","2004JJ00",6191,3881,2310,7051,4365,2692,1.4,2.1,0.1,87.8,88.9,85.8,1850,1466,384,468,216,252,-8,8,16,2310
871,"344400","2005JJ00",6625,4175,2450,7337,4591,2750,4.1,5.2,2.2,90.3,90.9,89.1,1842,1475,367,613,217,396,-5,9,14,2450
872,"344400","2006JJ00",7026,4505,2521,7652,4888,2767,4.3,6.5,0.6,91.8,92.2,91.1,1893,1515,378,633,223,410,-5,9,14,2521
873,"344400","2007JJ00",7471,4878,2593,7992,5146,2848,4.4,5.3,2.9,93.5,94.8,91,2044,1630,414,556,233,323,-7,9,16,2593
874,"344400","2008JJ00",7914,5185,2729,8188,5317,2871,2.4,3.3,0.8,96.7,97.5,95.1,2146,1708,438,591,245,346,-8,10,18,2729
875,"344400","2009JJ00",7606,5015,2591,7777,5083,2693,-5,-4.4,-6.2,97.8,98.7,96.2,2180,1684,496,421,255,166,-10,13,23,2591
876,"344400","2010JJ00",7866,5126,2740,7866,5126,2740,1.1,0.8,1.7,100,100,100,2130,1690,440,616,268,348,-6,16,22,2740
877,"344400","2011JJ00",8255,5207,3048,8053,5165,2888,2.4,0.8,5.4,102.5,100.8,105.5,2230,1736,494,824,277,547,-6,16,22,3048
878,"344400","2012JJ00",8801,5524,3277,8433,5430,3005,4.7,5.1,4,104.4,101.7,109.1,2316,1819,497,968,289,679,-7,12,19,3277
879,"344400","2013JJ00",8722,5573,3149,8295,5448,2856,-1.6,0.3,-4.9,105.1,102.3,110.3,2318,1824,494,835,301,534,-4,13,17,3149
880,"344400","2014JJ00",9037,5769,3268,8411,5624,2802,1.4,3.2,-1.9,107.4,102.6,116.6,2367,1832,535,902,315,587,-1,15,16,3268
881,"344400","2015JJ00",9569,6000,3569,8505,5749,2778,1.1,2.2,-0.8,112.5,104.4,128.5,2466,1931,535,1103,NA,NA,0,14,14,3569
882,"346600","1995JJ00",9448,5064,4384,13065,7632,5364,NA,NA,NA,72.3,66.4,81.7,1183,988,195,3191,1643,1548,10,10,0,4384
883,"346600","1996JJ00",10188,5462,4726,13878,8124,5683,6.2,6.5,6,73.4,67.2,83.2,1129,937,192,3587,1694,1893,10,10,0,4726
884,"346600","1997JJ00",10284,5704,4580,13701,8205,5462,-1.3,1,-3.9,75.1,69.5,83.9,1139,953,186,3429,1746,1683,12,12,0,4580
885,"346600","1998JJ00",10750,5769,4981,14098,8340,5705,2.9,1.6,4.5,76.3,69.2,87.3,1152,921,231,3816,1781,2035,13,13,0,4981
886,"346600","1999JJ00",10621,5775,4846,13833,8469,5372,-1.9,1.5,-5.8,76.8,68.2,90.2,1170,929,241,3662,1813,1849,14,15,1,4846
887,"346600","2000JJ00",11121,6615,4506,14069,8582,5487,1.7,1.3,2.1,79,77.1,82.1,1182,921,261,3310,1864,1446,14,15,1,4506
888,"346600","2001JJ00",11953,7643,4310,14565,8915,5652,3.5,3.9,3,82.1,85.7,76.3,1170,938,232,3127,1907,1220,13,15,2,4310
889,"346600","2002JJ00",12328,7668,4660,14789,9063,5726,1.5,1.7,1.3,83.4,84.6,81.4,1233,984,249,3417,1940,1477,10,14,4,4660
890,"346600","2003JJ00",12794,7912,4882,14877,9055,5825,0.6,-0.1,1.7,86,87.4,83.8,1247,989,258,3624,1937,1687,11,15,4,4882
891,"346600","2004JJ00",12565,7998,4567,15036,9128,5912,1.1,0.8,1.5,83.6,87.6,77.3,1240,976,264,3315,1934,1381,12,17,5,4567
892,"346600","2005JJ00",14400,9055,5345,16565,9364,7298,10.2,2.6,23.5,86.9,96.7,73.2,1328,1057,271,4004,1944,2060,13,17,4,5345
893,"346600","2006JJ00",15509,9558,5951,16599,9387,7308,0.2,0.2,0.1,93.4,101.8,81.4,1330,1067,263,4608,1984,2624,13,17,4,5951
894,"346600","2007JJ00",16193,9991,6202,16702,9551,7222,0.6,1.7,-1.2,97,104.6,85.9,1409,1123,286,4778,2065,2713,15,19,4,6202
895,"346600","2008JJ00",17095,11462,5633,16846,9636,7280,0.9,0.9,0.8,101.5,118.9,77.4,1506,1200,306,4111,2148,1963,16,20,4,5633
896,"346600","2009JJ00",18071,10242,7829,17001,9872,7121,0.9,2.5,-2.2,106.3,103.7,109.9,1544,1239,305,6268,2199,4069,17,24,7,7829
897,"346600","2010JJ00",17772,10471,7301,17772,10471,7301,4.5,6.1,2.5,100,100,100,1609,1287,322,5672,2292,3380,20,27,7,7301
898,"346600","2011JJ00",18540,11263,7277,17573,10298,7275,-1.1,-1.7,-0.4,105.5,109.4,100,1679,1348,331,5514,2433,3081,84,90,6,7277
899,"346600","2012JJ00",18392,10934,7458,16968,9829,7150,-3.4,-4.6,-1.7,108.4,111.2,104.3,1716,1353,363,5673,2584,3089,69,75,6,7458
900,"346600","2013JJ00",17664,10458,7206,16715,9448,7293,-1.5,-3.9,2,105.7,110.7,98.8,1808,1434,374,5320,2724,2596,78,79,1,7206
901,"346600","2014JJ00",16584,10105,6479,16770,9485,7311,0.3,0.4,0.2,98.9,106.5,88.6,1800,1440,360,4536,2858,1678,143,143,0,6479
902,"346600","2015JJ00",16496,10116,6380,17386,9891,7510,3.7,4.3,2.7,94.9,102.3,85,1858,1497,361,4385,3010,1375,137,140,3,6380
903,"346700","1995JJ00",9448,5064,4384,13065,7632,5364,NA,NA,NA,72.3,66.4,81.7,1183,988,195,3191,1643,1548,10,10,0,4384
904,"346700","1996JJ00",10188,5462,4726,13878,8124,5683,6.2,6.5,6,73.4,67.2,83.2,1129,937,192,3587,1694,1893,10,10,0,4726
905,"346700","1997JJ00",10284,5704,4580,13701,8205,5462,-1.3,1,-3.9,75.1,69.5,83.9,1139,953,186,3429,1746,1683,12,12,0,4580
906,"346700","1998JJ00",10750,5769,4981,14098,8340,5705,2.9,1.6,4.5,76.3,69.2,87.3,1152,921,231,3816,1781,2035,13,13,0,4981
907,"346700","1999JJ00",10621,5775,4846,13833,8469,5372,-1.9,1.5,-5.8,76.8,68.2,90.2,1170,929,241,3662,1813,1849,14,15,1,4846
908,"346700","2000JJ00",11121,6615,4506,14069,8582,5487,1.7,1.3,2.1,79,77.1,82.1,1182,921,261,3310,1864,1446,14,15,1,4506
909,"346700","2001JJ00",11953,7643,4310,14565,8915,5652,3.5,3.9,3,82.1,85.7,76.3,1170,938,232,3127,1907,1220,13,15,2,4310
910,"346700","2002JJ00",12328,7668,4660,14789,9063,5726,1.5,1.7,1.3,83.4,84.6,81.4,1233,984,249,3417,1940,1477,10,14,4,4660
911,"346700","2003JJ00",12794,7912,4882,14877,9055,5825,0.6,-0.1,1.7,86,87.4,83.8,1247,989,258,3624,1937,1687,11,15,4,4882
912,"346700","2004JJ00",12565,7998,4567,15036,9128,5912,1.1,0.8,1.5,83.6,87.6,77.3,1240,976,264,3315,1934,1381,12,17,5,4567
913,"346700","2005JJ00",14400,9055,5345,16565,9364,7298,10.2,2.6,23.5,86.9,96.7,73.2,1328,1057,271,4004,1944,2060,13,17,4,5345
914,"346700","2006JJ00",15509,9558,5951,16599,9387,7308,0.2,0.2,0.1,93.4,101.8,81.4,1330,1067,263,4608,1984,2624,13,17,4,5951
915,"346700","2007JJ00",16193,9991,6202,16702,9551,7222,0.6,1.7,-1.2,97,104.6,85.9,1409,1123,286,4778,2065,2713,15,19,4,6202
916,"346700","2008JJ00",17095,11462,5633,16846,9636,7280,0.9,0.9,0.8,101.5,118.9,77.4,1506,1200,306,4111,2148,1963,16,20,4,5633
917,"346700","2009JJ00",18071,10242,7829,17001,9872,7121,0.9,2.5,-2.2,106.3,103.7,109.9,1544,1239,305,6268,2199,4069,17,24,7,7829
918,"346700","2010JJ00",17772,10471,7301,17772,10471,7301,4.5,6.1,2.5,100,100,100,1609,1287,322,5672,2292,3380,20,27,7,7301
919,"346700","2011JJ00",18540,11263,7277,17573,10298,7275,-1.1,-1.7,-0.4,105.5,109.4,100,1679,1348,331,5514,2433,3081,84,90,6,7277
920,"346700","2012JJ00",18392,10934,7458,16968,9829,7150,-3.4,-4.6,-1.7,108.4,111.2,104.3,1716,1353,363,5673,2584,3089,69,75,6,7458
921,"346700","2013JJ00",17664,10458,7206,16715,9448,7293,-1.5,-3.9,2,105.7,110.7,98.8,1808,1434,374,5320,2724,2596,78,79,1,7206
922,"346700","2014JJ00",16584,10105,6479,16770,9485,7311,0.3,0.4,0.2,98.9,106.5,88.6,1800,1440,360,4536,2858,1678,143,143,0,6479
923,"346700","2015JJ00",16496,10116,6380,17386,9891,7510,3.7,4.3,2.7,94.9,102.3,85,1858,1497,361,4385,NA,NA,137,140,3,6380
924,"348000","1995JJ00",3729,1996,1733,5234,2720,2518,NA,NA,NA,71.3,73.4,68.8,702,608,94,1010,686,324,21,37,16,1733
925,"348000","1996JJ00",4092,2181,1911,5657,2964,2697,8.1,9,7.1,72.3,73.6,70.9,746,649,97,1153,755,398,12,37,25,1911
926,"348000","1997JJ00",4578,2475,2103,6148,3324,2824,8.7,12.2,4.7,74.5,74.4,74.5,821,706,115,1277,832,445,5,38,33,2103
927,"348000","1998JJ00",4982,2838,2144,6536,3773,2763,6.3,13.5,-2.1,76.2,75.2,77.6,921,718,203,1219,884,335,4,46,42,2144
928,"348000","1999JJ00",5561,3157,2404,7184,4117,3066,9.9,9.1,11,77.4,76.7,78.4,1069,834,235,1340,870,470,-5,48,53,2404
929,"348000","2000JJ00",6112,3496,2616,7642,4359,3282,6.4,5.9,7,80,80.2,79.7,1138,880,258,1487,893,594,-9,48,57,2616
930,"348000","2001JJ00",6584,3764,2820,7913,4587,3324,3.6,5.2,1.3,83.2,82.1,84.8,1283,998,285,1537,913,624,0,64,64,2820
931,"348000","2002JJ00",6929,3978,2951,8253,4755,3495,4.3,3.7,5.1,84,83.7,84.4,1387,1083,304,1562,935,627,2,67,65,2951
932,"348000","2003JJ00",7262,4138,3124,8334,4767,3564,1,0.3,2,87.1,86.8,87.7,1486,1157,329,1637,946,691,1,68,67,3124
933,"348000","2004JJ00",7390,4283,3107,8261,4816,3442,-0.9,1,-3.4,89.5,88.9,90.3,1470,1132,338,1640,950,690,-3,67,70,3107
934,"348000","2005JJ00",7390,4279,3111,8178,4743,3432,-1,-1.5,-0.3,90.4,90.2,90.6,1459,1125,334,1651,954,697,1,72,71,3111
935,"348000","2006JJ00",7715,4435,3280,8347,4801,3543,2.1,1.2,3.2,92.4,92.4,92.6,1461,1144,317,1815,972,843,4,77,73,3280
936,"348000","2007JJ00",8049,4625,3424,8460,4888,3569,1.3,1.8,0.7,95.1,94.6,95.9,1517,1185,332,1904,979,925,3,78,75,3424
937,"348000","2008JJ00",8790,5106,3684,8891,5224,3665,5.1,6.9,2.7,98.9,97.7,100.5,1580,1231,349,2099,1012,1087,5,81,76,3684
938,"348000","2009JJ00",8516,4988,3528,8742,5157,3584,-1.7,-1.3,-2.2,97.4,96.7,98.4,1658,1310,348,1873,1032,841,-3,80,83,3528
939,"348000","2010JJ00",8814,5273,3541,8814,5273,3541,0.8,2.2,-1.2,100,100,100,1712,1335,377,1832,1071,761,-3,81,84,3541
940,"348000","2011JJ00",9479,5813,3666,9155,5586,3569,3.9,5.9,0.8,103.5,104.1,102.7,1779,1388,391,1876,1114,762,11,74,63,3666
941,"348000","2012JJ00",9141,5544,3597,9006,5481,3525,-1.6,-1.9,-1.2,101.5,101.1,102,1776,1361,415,1805,1152,653,16,65,49,3597
942,"348000","2013JJ00",9184,5569,3615,9258,5592,3666,2.8,2,4,99.2,99.6,98.6,1796,1381,415,1803,1163,640,16,63,47,3615
943,"348000","2014JJ00",9295,5573,3722,9487,5636,3852,2.5,0.8,5.1,98,98.9,96.6,1805,1391,414,1895,1178,717,22,62,40,3722
944,"348000","2015JJ00",9255,5634,3621,9550,5712,3837,0.7,1.3,-0.4,96.9,98.6,94.4,1823,1421,402,1781,1209,572,17,58,41,3621
945,"348100","1995JJ00",1283,470,813,1596,550,1050,NA,NA,NA,80.4,85.5,77.4,235,197,38,556,319,237,22,22,0,813
946,"348100","1996JJ00",1370,492,878,1646,571,1079,3.1,3.8,2.7,83.3,86.2,81.4,240,202,38,614,326,288,24,24,0,878
947,"348100","1997JJ00",1412,537,875,1683,628,1057,2.3,10,-2.1,83.9,85.6,82.8,241,205,36,607,334,273,27,27,0,875
948,"348100","1998JJ00",1475,583,892,1691,671,1020,0.5,6.9,-3.4,87.2,86.9,87.4,257,202,55,610,346,264,25,26,1,892
949,"348100","1999JJ00",1551,602,949,1711,679,1032,1.2,1.2,1.1,90.7,88.7,92,259,203,56,664,359,305,26,26,0,949
950,"348100","2000JJ00",1598,619,979,1746,690,1056,2.1,1.7,2.3,91.5,89.7,92.7,262,202,60,691,377,314,26,26,0,979
951,"348100","2001JJ00",1661,622,1039,1755,690,1064,0.5,0,0.8,94.7,90.1,97.6,259,205,54,746,395,351,34,34,0,1039
952,"348100","2002JJ00",1658,619,1039,1738,679,1058,-1,-1.6,-0.6,95.4,91.2,98.2,276,216,60,729,410,319,34,34,0,1039
953,"348100","2003JJ00",1684,647,1037,1756,686,1069,1,1,1.1,95.9,94.4,97,287,224,63,719,426,293,31,32,1,1037
954,"348100","2004JJ00",1673,642,1031,1730,676,1053,-1.5,-1.4,-1.5,96.7,95,97.9,283,220,63,718,432,286,30,31,1,1031
955,"348100","2005JJ00",1692,653,1039,1721,678,1043,-0.5,0.3,-1,98.3,96.3,99.7,277,217,60,730,439,291,32,33,1,1039
956,"348100","2006JJ00",1653,664,989,1669,671,998,-3,-1.1,-4.2,99,99,99,275,218,57,679,426,253,35,36,1,989
957,"348100","2007JJ00",1641,672,969,1663,679,984,-0.4,1.2,-1.4,98.7,99,98.4,282,222,60,652,437,215,35,36,1,969
958,"348100","2008JJ00",1640,693,947,1679,696,982,0.9,2.5,-0.2,97.7,99.5,96.4,291,227,64,622,450,172,34,35,1,947
959,"348100","2009JJ00",1646,682,964,1685,697,988,0.4,0.1,0.5,97.7,97.8,97.6,299,236,63,632,451,181,33,34,1,964
960,"348100","2010JJ00",1697,689,1008,1697,689,1008,0.7,-1.2,2.1,100,100,100,316,248,68,660,464,196,32,33,1,1008
961,"348100","2011JJ00",1673,689,984,1663,684,979,-2,-0.7,-2.9,100.6,100.7,100.5,327,260,67,631,475,156,26,26,0,984
962,"348100","2012JJ00",1574,572,1002,1656,704,952,-0.4,2.9,-2.7,95,81.3,105.2,335,260,75,645,486,159,22,24,2,1002
963,"348100","2013JJ00",1598,579,1019,1679,710,968,1.4,0.9,1.7,95.2,81.5,105.2,351,273,78,648,491,157,20,21,1,1019
964,"348100","2014JJ00",1595,559,1036,1672,688,979,-0.4,-3.1,1.1,95.4,81.3,105.8,347,270,77,669,495,174,20,20,0,1036
965,"348100","2015JJ00",1603,565,1038,1679,695,980,0.4,1.1,0.1,95.5,81.3,106,353,278,75,669,NA,NA,16,18,2,1038
966,"800018","1995JJ00",2446,1526,920,3537,2141,1397,NA,NA,NA,69.2,71.3,65.9,467,411,56,454,367,87,-1,15,16,920
967,"800018","1996JJ00",2722,1689,1033,3916,2367,1550,10.7,10.6,11,69.5,71.4,66.6,506,447,59,539,429,110,-12,13,25,1033
968,"800018","1997JJ00",3166,1938,1228,4382,2669,1713,11.9,12.8,10.5,72.3,72.6,71.7,580,501,79,670,498,172,-22,11,33,1228
969,"800018","1998JJ00",3507,2255,1252,4772,3078,1692,8.9,15.3,-1.2,73.5,73.3,74,664,516,148,609,538,71,-21,20,41,1252
970,"800018","1999JJ00",4010,2555,1455,5421,3422,1996,13.6,11.2,18,74,74.7,72.9,810,631,179,676,511,165,-31,22,53,1455
971,"800018","2000JJ00",4514,2877,1637,5856,3657,2197,8,6.8,10.1,77.1,78.7,74.5,876,678,198,796,516,280,-35,22,57,1637
972,"800018","2001JJ00",4923,3142,1781,6127,3890,2232,4.6,6.4,1.6,80.3,80.8,79.8,1024,793,231,791,518,273,-34,30,64,1781
973,"800018","2002JJ00",5271,3359,1912,6500,4073,2421,6.1,4.7,8.5,81.1,82.5,79,1111,867,244,833,525,308,-32,33,65,1912
974,"800018","2003JJ00",5578,3491,2087,6562,4078,2481,1,0.1,2.5,85,85.6,84.1,1199,933,266,918,520,398,-30,36,66,2087
975,"800018","2004JJ00",5717,3641,2076,6517,4138,2373,-0.7,1.5,-4.4,87.7,88,87.5,1187,912,275,922,518,404,-33,36,69,2076
976,"800018","2005JJ00",5698,3626,2072,6441,4062,2374,-1.2,-1.8,0,88.5,89.3,87.3,1182,908,274,921,515,406,-31,39,70,2072
977,"800018","2006JJ00",6062,3771,2291,6672,4128,2540,3.6,1.6,7,90.9,91.3,90.2,1186,926,260,1136,546,590,-31,41,72,2291
978,"800018","2007JJ00",6408,3953,2455,6793,4207,2582,1.8,1.9,1.7,94.3,94,95.1,1235,963,272,1252,542,710,-32,42,74,2455
979,"800018","2008JJ00",7150,4413,2737,7212,4527,2681,6.2,7.6,3.8,99.1,97.5,102.1,1289,1004,285,1477,562,915,-29,46,75,2737
980,"800018","2009JJ00",6870,4306,2564,7057,4460,2596,-2.1,-1.5,-3.2,97.3,96.6,98.8,1359,1074,285,1241,581,660,-36,46,82,2564
981,"800018","2010JJ00",7117,4584,2533,7117,4584,2533,0.8,2.8,-2.4,100,100,100,1396,1087,309,1172,607,565,-35,48,83,2533
982,"800018","2011JJ00",7806,5124,2682,7492,4902,2590,5.3,6.9,2.3,104.2,104.5,103.6,1452,1128,324,1245,639,606,-15,48,63,2682
983,"800018","2012JJ00",7567,4972,2595,7351,4779,2573,-1.9,-2.5,-0.7,102.9,104,100.9,1441,1101,340,1160,666,494,-6,41,47,2595
984,"800018","2013JJ00",7586,4990,2596,7578,4881,2699,3.1,2.2,4.9,100.1,102.2,96.2,1445,1108,337,1155,672,483,-4,42,46,2596
985,"800018","2014JJ00",7700,5014,2686,7812,4942,2877,3.1,1.2,6.6,98.6,101.5,93.4,1458,1121,337,1226,683,543,2,42,40,2686
986,"800018","2015JJ00",7652,5069,2583,7867,5010,2861,0.7,1.4,-0.6,97.3,101.2,90.3,1470,1143,327,1112,NA,NA,1,40,39,2583
987,"350000","1995JJ00",45509,29849,15660,70587,42394,28961,NA,NA,NA,64.5,70.4,54.1,12006,9407,2599,3598,1094,2504,56,84,28,15660
988,"350000","1996JJ00",48288,32339,15949,73058,45204,28247,3.5,6.6,-2.5,66.1,71.5,56.5,12340,9711,2629,3592,1129,2463,17,92,75,15949
989,"350000","1997JJ00",50894,34197,16697,75571,47198,28663,3.4,4.4,1.5,67.3,72.5,58.3,12788,10292,2496,3935,1193,2742,-26,86,112,16697
990,"350000","1998JJ00",54394,36538,17856,78873,49472,29652,4.4,4.8,3.4,69,73.9,60.2,13700,10433,3267,4226,1297,2929,-70,80,150,17856
991,"350000","1999JJ00",59881,39989,19892,84248,52976,31510,6.8,7.1,6.3,71.1,75.5,63.1,14830,11238,3592,5126,1463,3663,-64,104,168,19892
992,"350000","2000JJ00",65899,44105,21794,88530,56197,32480,5.1,6.1,3.1,74.4,78.5,67.1,16089,12039,4050,5784,1653,4131,-79,103,182,21794
993,"350000","2001JJ00",70962,47350,23612,91016,58406,32654,2.8,3.9,0.5,78,81.1,72.3,16927,13018,3909,6766,1798,4968,-81,121,202,23612
994,"350000","2002JJ00",72341,47529,24812,88475,56604,31935,-2.8,-3.1,-2.2,81.8,84,77.7,17424,13510,3914,7459,1906,5553,-71,123,194,24812
995,"350000","2003JJ00",72566,47590,24976,86194,55639,30577,-2.6,-1.7,-4.3,84.2,85.5,81.7,17247,13395,3852,7768,1905,5863,-39,128,167,24976
996,"350000","2004JJ00",73672,48366,25306,85767,55607,30171,-0.5,-0.1,-1.3,85.9,87,83.9,17212,13355,3857,8156,1902,6254,-62,133,195,25306
997,"350000","2005JJ00",77740,51021,26719,88921,57513,31424,3.7,3.4,4.2,87.4,88.7,85,17210,13473,3737,9500,1912,7588,9,156,147,26719
998,"350000","2006JJ00",83751,55074,28677,92847,60398,32452,4.4,5,3.3,90.2,91.2,88.4,17572,13895,3677,11071,1936,9135,34,159,125,28677
999,"350000","2007JJ00",91580,60547,31033,99098,64630,34465,6.7,7,6.2,92.4,93.7,90,18372,14505,3867,12631,2007,10624,30,163,133,31033
1000,"350000","2008JJ00",98935,65566,33369,103442,67585,35849,4.4,4.6,4,95.6,97,93.1,19250,15112,4138,14094,2107,11987,25,166,141,33369
1001,"350000","2009JJ00",96326,62690,33636,98296,64037,34259,-5,-5.2,-4.4,98,97.9,98.2,19115,15241,3874,14508,2184,12324,13,185,172,33636
1002,"350000","2010JJ00",87521,56990,30531,87521,56990,30531,-11,-11,-10.9,100,100,100,18765,14881,3884,11785,2213,9572,-19,181,200,30531
1003,"350000","2011JJ00",91131,60836,30295,90695,59877,30818,3.6,5.1,0.9,100.5,101.6,98.3,18786,14813,3973,11504,2234,9270,5,166,161,30295
1004,"350000","2012JJ00",83931,56105,27826,82971,54666,28308,-8.5,-8.7,-8.1,101.2,102.6,98.3,18660,14568,4092,9165,2269,6896,1,138,137,27826
1005,"350000","2013JJ00",79002,52546,26456,78177,51351,26836,-5.8,-6.1,-5.2,101.1,102.3,98.6,17277,13570,3707,9153,2282,6871,26,135,109,26456
1006,"350000","2014JJ00",80232,53009,27223,79975,51992,28014,2.3,1.2,4.4,100.3,102,97.2,16652,12813,3839,10534,2288,8246,37,130,93,27223
1007,"350000","2015JJ00",85041,56993,28048,86519,56179,30377,8.2,8.1,8.4,98.3,101.4,92.3,16207,12640,3567,11794,2326,9468,47,129,82,28048
1008,"350100","1995JJ00",21301,15632,5669,34285,23303,11328,NA,NA,NA,62.1,67.1,50,4494,3408,1086,1153,408,745,22,31,9,5669
1009,"350100","1996JJ00",22227,16528,5699,34713,24169,10698,1.2,3.7,-5.6,64,68.4,53.3,4500,3437,1063,1177,425,752,22,35,13,5699
1010,"350100","1997JJ00",23504,17575,5929,35955,25294,10747,3.6,4.7,0.5,65.4,69.5,55.2,4604,3610,994,1303,450,853,22,35,13,5929
1011,"350100","1998JJ00",24680,18456,6224,36799,25960,10908,2.3,2.6,1.5,67.1,71.1,57.1,4737,3532,1205,1472,490,982,15,35,20,6224
1012,"350100","1999JJ00",27199,20155,7044,39206,27599,11695,6.5,6.3,7.2,69.4,73,60.2,5106,3785,1321,1916,554,1362,22,43,21,7044
1013,"350100","2000JJ00",30080,22354,7726,41236,29265,12013,5.2,6,2.7,72.9,76.4,64.3,5538,4052,1486,2164,624,1540,24,48,24,7726
1014,"350100","2001JJ00",31967,23880,8087,41706,30107,11546,1.1,2.9,-3.9,76.6,79.3,70,5782,4364,1418,2281,681,1600,24,53,29,8087
1015,"350100","2002JJ00",32603,23775,8828,40442,28716,11737,-3,-4.6,1.7,80.6,82.8,75.2,5894,4517,1377,2904,716,2188,30,57,27,8828
1016,"350100","2003JJ00",33175,24078,9097,39704,28395,11300,-1.8,-1.1,-3.7,83.6,84.8,80.5,5907,4537,1370,3158,715,2443,32,57,25,9097
1017,"350100","2004JJ00",34528,24766,9762,40240,28726,11507,1.4,1.2,1.8,85.8,86.2,84.8,5972,4581,1391,3764,710,3054,26,60,34,9762
1018,"350100","2005JJ00",36095,25751,10344,41149,29313,11830,2.3,2,2.8,87.7,87.8,87.4,5784,4478,1306,4517,711,3806,43,68,25,10344
1019,"350100","2006JJ00",38909,27611,11298,42953,30555,12393,4.4,4.2,4.8,90.6,90.4,91.2,5929,4651,1278,5323,719,4604,46,68,22,11298
1020,"350100","2007JJ00",42688,30560,12128,46175,32912,13257,7.5,7.7,7,92.4,92.9,91.5,6234,4873,1361,5846,734,5112,48,71,23,12128
1021,"350100","2008JJ00",45754,33060,12694,48015,34316,13693,4,4.3,3.3,95.3,96.3,92.7,6461,5017,1444,6186,759,5427,47,73,26,12694
1022,"350100","2009JJ00",43616,30996,12620,44243,31526,12715,-7.9,-8.1,-7.1,98.6,98.3,99.3,6193,4891,1302,6384,777,5607,43,77,34,12620
1023,"350100","2010JJ00",36903,26494,10409,36903,26494,10409,-16.6,-16,-18.1,100,100,100,5892,4634,1258,4492,777,3715,25,75,50,10409
1024,"350100","2011JJ00",38214,28000,10214,38393,27708,10685,4,4.6,2.7,99.5,101.1,95.6,5770,4508,1262,4417,766,3651,27,58,31,10214
1025,"350100","2012JJ00",33742,24684,9058,33956,24235,9737,-11.6,-12.5,-8.9,99.4,101.9,93,5460,4230,1230,3571,762,2809,27,51,24,9058
1026,"350100","2013JJ00",30344,22421,7923,30657,22106,8544,-9.7,-8.8,-12.3,99,101.4,92.7,4839,3771,1068,3053,757,2296,31,50,19,7923
1027,"350100","2014JJ00",31211,22680,8531,31925,22450,9521,4.1,1.6,11.4,97.8,101,89.6,4517,3445,1072,3983,754,3229,31,48,17,8531
1028,"350100","2015JJ00",34437,25232,9205,36061,25147,10993,13,12,15.5,95.5,100.3,83.7,4395,3403,992,4779,NA,NA,31,47,16,9205
1029,"350600","1995JJ00",6711,4346,2365,9795,5807,4237,NA,NA,NA,68.5,74.8,55.8,1857,1450,407,503,213,290,5,12,7,2365
1030,"350600","1996JJ00",7399,4963,2436,10667,6553,4307,8.9,12.8,1.6,69.4,75.7,56.6,1980,1557,423,459,218,241,-3,11,14,2436
1031,"350600","1997JJ00",7849,5278,2571,11141,6900,4424,4.4,5.3,2.7,70.5,76.5,58.1,2057,1664,393,520,230,290,-6,13,19,2571
1032,"350600","1998JJ00",8202,5634,2568,11380,7246,4257,2.1,5,-3.8,72.1,77.7,60.3,2173,1658,515,409,247,162,-14,8,22,2568
1033,"350600","1999JJ00",9236,6392,2844,12540,8058,4597,10.2,11.2,8,73.7,79.3,61.9,2355,1787,568,499,276,223,-10,13,23,2844
1034,"350600","2000JJ00",9998,6975,3023,12997,8509,4563,3.6,5.6,-0.7,76.9,82,66.3,2530,1885,645,510,309,201,-17,11,28,3023
1035,"350600","2001JJ00",10986,7721,3265,13720,9172,4582,5.6,7.8,0.4,80.1,84.2,71.3,2670,2057,613,615,328,287,-20,12,32,3265
1036,"350600","2002JJ00",11096,7808,3288,13326,8991,4353,-2.9,-2,-5,83.3,86.8,75.5,2807,2180,627,501,348,153,-20,12,32,3288
1037,"350600","2003JJ00",10697,7580,3117,12611,8600,4015,-5.4,-4.4,-7.8,84.8,88.1,77.6,2716,2117,599,418,352,66,-17,13,30,3117
1038,"350600","2004JJ00",10515,7526,2989,12277,8440,3832,-2.6,-1.9,-4.6,85.6,89.2,78,2624,2055,569,387,358,29,-22,14,36,2989
1039,"350600","2005JJ00",11371,8136,3235,13163,8988,4178,7.2,6.5,9,86.4,90.5,77.4,2694,2123,571,550,368,182,-9,18,27,3235
1040,"350600","2006JJ00",12419,8838,3581,13949,9564,4382,6,6.4,4.9,89,92.4,81.7,2805,2210,595,780,381,399,-4,19,23,3581
1041,"350600","2007JJ00",13070,9196,3874,14108,9710,4389,1.1,1.5,0.2,92.6,94.7,88.3,2872,2281,591,1008,401,607,-6,18,24,3874
1042,"350600","2008JJ00",14257,9866,4391,14614,10032,4575,3.6,3.3,4.2,97.6,98.3,96,3029,2396,633,1368,426,942,-6,18,24,4391
1043,"350600","2009JJ00",14951,10279,4672,15506,10487,5015,6.1,4.5,9.6,96.4,98,93.2,3174,2549,625,1508,447,1061,-10,23,33,4672
1044,"350600","2010JJ00",14985,10067,4918,14985,10067,4918,-3.4,-4,-1.9,100,100,100,3293,2629,664,1638,465,1173,-13,25,38,4918
1045,"350600","2011JJ00",15604,10643,4961,15132,10433,4699,1,3.6,-4.5,103.1,102,105.6,3393,2700,693,1577,479,1098,-9,24,33,4961
1046,"350600","2012JJ00",15034,10451,4583,14214,10117,4107,-6.1,-3,-12.6,105.8,103.3,111.6,3551,2774,777,1041,493,548,-9,23,32,4583
1047,"350600","2013JJ00",15016,10038,4978,14154,9735,4405,-0.4,-3.8,7.2,106.1,103.1,113,3459,2740,719,1523,502,1021,-4,23,27,4978
1048,"350600","2014JJ00",15236,10349,4887,14361,10080,4283,1.5,3.5,-2.8,106.1,102.7,114.1,3444,2676,768,1447,509,938,-4,24,28,4887
1049,"350600","2015JJ00",15086,10366,4720,14451,10224,4238,0.6,1.4,-1.1,104.4,101.4,111.4,3302,2597,705,1421,NA,NA,-3,23,26,4720
1050,"351900","1995JJ00",17497,9871,7626,26615,13423,13487,NA,NA,NA,65.7,73.5,56.5,5655,4549,1106,1942,473,1469,29,41,12,7626
1051,"351900","1996JJ00",18662,10848,7814,27726,14565,13292,4.2,8.5,-1.4,67.3,74.5,58.8,5860,4717,1143,1956,486,1470,-2,46,48,7814
1052,"351900","1997JJ00",19541,11344,8197,28524,15094,13535,2.9,3.6,1.8,68.5,75.2,60.6,6127,5018,1109,2112,513,1599,-42,38,80,8197
1053,"351900","1998JJ00",21512,12448,9064,30719,16318,14500,7.7,8.1,7.1,70,76.3,62.5,6790,5243,1547,2345,560,1785,-71,37,108,9064
1054,"351900","1999JJ00",23446,13442,10004,32514,17356,15244,5.8,6.4,5.1,72.1,77.4,65.6,7369,5666,1703,2711,633,2078,-76,48,124,10004
1055,"351900","2000JJ00",25821,14776,11045,34314,18462,15917,5.5,6.4,4.4,75.2,80,69.4,8021,6102,1919,3110,720,2390,-86,44,130,11045
1056,"351900","2001JJ00",28009,15749,12260,35579,19146,16499,3.7,3.7,3.7,78.7,82.3,74.3,8475,6597,1878,3870,789,3081,-85,56,141,12260
1057,"351900","2002JJ00",28642,15946,12696,34694,18896,15838,-2.5,-1.3,-4,82.6,84.4,80.2,8723,6813,1910,4054,842,3212,-81,54,135,12696
1058,"351900","2003JJ00",28694,15932,12762,33877,18654,15252,-2.4,-1.3,-3.7,84.7,85.4,83.7,8624,6741,1883,4192,838,3354,-54,58,112,12762
1059,"351900","2004JJ00",28629,16074,12555,33258,18457,14825,-1.8,-1.1,-2.8,86.1,87.1,84.7,8616,6719,1897,4005,834,3171,-66,59,125,12555
1060,"351900","2005JJ00",30274,17134,13140,34617,19219,15424,4.1,4.1,4,87.5,89.2,85.2,8732,6872,1860,4433,833,3600,-25,70,95,13140
1061,"351900","2006JJ00",32423,18625,13798,35956,20281,15687,3.9,5.5,1.7,90.2,91.8,88,8838,7034,1804,4968,836,4132,-8,72,80,13798
1062,"351900","2007JJ00",35822,20791,15031,38816,22017,16807,8,8.6,7.1,92.3,94.4,89.4,9266,7351,1915,5777,872,4905,-12,74,86,15031
1063,"351900","2008JJ00",38924,22640,16284,40815,23246,17572,5.2,5.6,4.6,95.4,97.4,92.7,9760,7699,2061,6540,922,5618,-16,75,91,16284
1064,"351900","2009JJ00",37759,21415,16344,38510,22012,16497,-5.6,-5.3,-6.1,98,97.3,99.1,9748,7801,1947,6616,960,5656,-20,85,105,16344
1065,"351900","2010JJ00",35633,20429,15204,35633,20429,15204,-7.5,-7.2,-7.8,100,100,100,9580,7618,1962,5655,971,4684,-31,81,112,15204
1066,"351900","2011JJ00",37313,22193,15120,37170,21736,15434,4.3,6.4,1.5,100.4,102.1,98,9623,7605,2018,5510,989,4521,-13,84,97,15120
1067,"351900","2012JJ00",35155,20970,14185,34781,20304,14479,-6.4,-6.6,-6.2,101.1,103.3,98,9649,7564,2085,4553,1014,3539,-17,64,81,14185
1068,"351900","2013JJ00",33642,20087,13555,33288,19491,13796,-4.3,-4,-4.7,101.1,103.1,98.3,8979,7059,1920,4577,1023,3554,-1,62,63,13555
1069,"351900","2014JJ00",33785,19980,13805,33628,19443,14195,1,-0.2,2.9,100.5,102.8,97.3,8691,6692,1999,5104,1025,4079,10,58,48,13805
1070,"351900","2015JJ00",35518,21395,14123,36042,20803,15253,7.2,7,7.5,98.5,102.8,92.6,8510,6640,1870,5594,NA,NA,19,59,40,14123
1071,"300006","1995JJ00",109292,51464,57828,143775,71238,72701,NA,NA,NA,76,72.2,79.5,34848,29841,5007,22660,8090,14570,320,510,190,57828
1072,"300006","1996JJ00",116783,56634,60149,152302,76702,75887,5.9,7.7,4.4,76.7,73.8,79.3,36116,30975,5141,23917,8407,15510,116,522,406,60149
1073,"300006","1997JJ00",127353,61383,65970,162414,81951,80780,6.6,6.8,6.4,78.4,74.9,81.7,37716,32577,5139,28336,8648,19688,-82,505,587,65970
1074,"300006","1998JJ00",138291,65923,72368,173322,87143,86491,6.7,6.3,7.1,79.8,75.6,83.7,40180,32569,7611,32472,9006,23466,-284,513,797,72368
1075,"300006","1999JJ00",148594,70926,77668,182742,91774,91287,5.4,5.3,5.5,81.3,77.3,85.1,43470,35176,8294,34493,9575,24918,-295,599,894,77668
1076,"300006","2000JJ00",161117,77055,84062,192479,95589,97129,5.3,4.2,6.4,83.7,80.6,86.5,46731,37629,9102,37597,10360,27237,-266,652,918,84062
1077,"300006","2001JJ00",168479,80098,88381,194326,96884,97709,1,1.4,0.6,86.7,82.7,90.5,48806,39779,9027,39868,11015,28853,-293,745,1038,88381
1078,"300006","2002JJ00",175292,82861,92431,193351,97718,96011,-0.5,0.9,-1.7,90.7,84.8,96.3,50546,40838,9708,42153,11546,30607,-268,768,1036,92431
1079,"300006","2003JJ00",173801,81971,91830,191365,94271,97177,-1,-3.5,1.2,90.8,87,94.5,52058,41497,10561,39904,11867,28037,-132,732,864,91830
1080,"300006","2004JJ00",181396,86366,95030,197895,97187,100771,3.4,3.1,3.7,91.7,88.9,94.3,52655,42193,10462,42535,12135,30400,-160,762,922,95030
1081,"300006","2005JJ00",188287,90207,98080,202218,98790,103461,2.2,1.6,2.7,93.1,91.3,94.8,52739,42525,10214,45273,12374,32899,68,867,799,98080
1082,"300006","2006JJ00",198916,95850,103066,211482,102770,108727,4.6,4,5.1,94.1,93.3,94.8,54122,44058,10064,48742,12646,36096,202,911,709,103066
1083,"300006","2007JJ00",213143,102450,110693,221680,107766,113930,4.8,4.9,4.8,96.1,95.1,97.2,57329,46612,10717,53173,13077,40096,191,917,726,110693
1084,"300006","2008JJ00",220840,108482,112358,223637,109522,114149,0.9,1.6,0.2,98.7,99.1,98.4,60214,48676,11538,51894,13539,38355,250,979,729,112358
1085,"300006","2009JJ00",208218,102672,105546,210933,104735,106221,-5.7,-4.4,-6.9,98.7,98,99.4,60461,49015,11446,44919,13817,31102,166,1036,870,105546
1086,"300006","2010JJ00",215946,105474,110472,215946,105474,110472,2.4,0.7,4,100,100,100,60724,49270,11454,49586,14093,35493,162,1075,913,110472
1087,"300006","2011JJ00",224959,111035,113924,223263,108018,115245,3.4,2.4,4.3,100.8,102.8,98.9,62806,50738,12068,50792,14126,36666,326,1133,807,113924
1088,"300006","2012JJ00",227404,112263,115141,222280,107408,114878,-0.4,-0.6,-0.3,102.3,104.5,100.2,64182,51283,12899,50544,14354,36190,415,1105,690,115141
1089,"300006","2013JJ00",230458,112205,118253,222409,107096,115335,0.1,-0.3,0.4,103.6,104.8,102.5,64446,51324,13122,53292,14660,38632,515,1125,610,118253
1090,"300006","2014JJ00",235401,113629,121772,227518,108907,118647,2.3,1.7,2.9,103.5,104.3,102.6,64763,51362,13401,56386,14710,41676,623,1148,525,121772
1091,"300006","2015JJ00",241849,114125,127724,232447,111331,121152,2.2,2.2,2.1,104,102.5,105.4,66104,52960,13144,61110,15086,46024,510,1003,493,127724
1092,"354200","1995JJ00",64713,27778,36935,82948,37133,45914,NA,NA,NA,78,74.8,80.4,22091,19260,2831,14709,4469,10240,135,255,120,36935
1093,"354200","1996JJ00",69841,30962,38879,88870,40523,48504,7.1,9.1,5.6,78.6,76.4,80.2,22899,20011,2888,16002,4620,11382,-22,253,275,38879
1094,"354200","1997JJ00",76086,33620,42466,95115,43491,51798,7,7.3,6.8,80,77.3,82,23871,20973,2898,18749,4758,13991,-154,248,402,42466
1095,"354200","1998JJ00",83156,36546,46610,102038,46766,55466,7.3,7.5,7.1,81.5,78.1,84,25356,21034,4322,21548,4928,16620,-294,263,557,46610
1096,"354200","1999JJ00",90581,39753,50828,108943,49888,59258,6.8,6.7,6.8,83.1,79.7,85.8,27541,22777,4764,23612,5232,18380,-325,290,615,50828
1097,"354200","2000JJ00",98509,42842,55667,115402,52151,63418,5.9,4.5,7,85.4,82.2,87.8,29661,24405,5256,26325,5666,20659,-319,310,629,55667
1098,"354200","2001JJ00",103394,44786,58608,116742,52976,63949,1.2,1.6,0.8,88.6,84.5,91.6,31029,25805,5224,27886,6028,21858,-307,378,685,58608
1099,"354200","2002JJ00",108692,46993,61699,116702,53861,63094,0,1.7,-1.3,93.1,87.2,97.8,32221,26401,5820,29760,6358,23402,-282,400,682,61699
1100,"354200","2003JJ00",106893,46076,60817,115360,51430,63984,-1.2,-4.5,1.4,92.7,89.6,95,33367,26877,6490,27615,6522,21093,-165,389,554,60817
1101,"354200","2004JJ00",110675,47771,62904,118811,52351,66481,3,1.8,3.9,93.2,91.3,94.6,33782,27411,6371,29325,6663,22662,-203,394,597,62904
1102,"354200","2005JJ00",113584,48916,64668,121041,52762,68280,1.9,0.8,2.7,93.8,92.7,94.7,33908,27605,6303,30813,6795,24018,-53,457,510,64668
1103,"354200","2006JJ00",120347,52309,68038,127788,55554,72232,5.6,5.3,5.8,94.2,94.2,94.2,35032,28768,6264,32990,6958,26032,16,469,453,68038
1104,"354200","2007JJ00",129414,55887,73527,133846,58083,75761,4.7,4.6,4.9,96.7,96.2,97.1,37144,30475,6669,36383,7215,29168,0,470,470,73527
1105,"354200","2008JJ00",133108,58335,74773,135149,59069,76081,1,1.7,0.4,98.5,98.8,98.3,39210,32040,7170,35524,7478,28046,39,506,467,74773
1106,"354200","2009JJ00",126407,55904,70503,127481,56316,71164,-5.7,-4.7,-6.5,99.2,99.3,99.1,39431,32325,7106,31089,7600,23489,-17,557,574,70503
1107,"354200","2010JJ00",131814,57151,74663,131814,57151,74663,3.4,1.5,4.9,100,100,100,39679,32594,7085,35014,7569,27445,-30,575,605,74663
1108,"354200","2011JJ00",136624,59195,77429,136683,58488,78195,3.7,2.3,4.7,100,101.2,99,41033,33537,7496,36314,7452,28862,82,615,533,77429
1109,"354200","2012JJ00",137260,59309,77951,135856,58138,77717,-0.6,-0.6,-0.6,101,102,100.3,42146,34029,8117,35663,7432,28231,142,585,443,77951
1110,"354200","2013JJ00",139264,59033,80231,136018,57656,78371,0.1,-0.8,0.8,102.4,102.4,102.4,42111,33926,8185,37925,7611,30314,195,607,412,80231
1111,"354200","2014JJ00",140842,59298,81544,138712,58019,80702,2,0.6,3,101.5,102.2,101,42358,33915,8443,38944,7573,31371,242,603,361,81544
1112,"354200","2015JJ00",144676,60202,84474,141858,59187,82683,2.3,2,2.5,102,101.7,102.2,43230,34953,8277,41053,NA,NA,191,535,344,84474
1113,"354300","1995JJ00",9534,4896,4638,12756,6440,6352,NA,NA,NA,74.7,76,73,2839,2424,415,1761,585,1176,38,41,3,4638
1114,"354300","1996JJ00",10331,5585,4746,13975,7179,6830,9.6,11.5,7.5,73.9,77.8,69.5,2880,2481,399,1849,594,1255,17,49,32,4746
1115,"354300","1997JJ00",11086,6177,4909,15083,7897,7205,7.9,10,5.5,73.5,78.2,68.1,2905,2519,386,2009,608,1401,-5,43,48,4909
1116,"354300","1998JJ00",12029,6716,5313,16181,8510,7685,7.3,7.8,6.7,74.3,78.9,69.1,3069,2482,587,2270,639,1631,-26,50,76,5313
1117,"354300","1999JJ00",13344,7471,5873,17502,9245,8267,8.2,8.6,7.6,76.2,80.8,71,3391,2745,646,2508,693,1815,-26,56,82,5873
1118,"354300","2000JJ00",14059,7743,6316,17774,9286,8513,1.6,0.4,3,79.1,83.4,74.2,3620,2905,715,2714,778,1936,-18,59,77,6316
1119,"354300","2001JJ00",14975,7912,7063,18164,9275,8940,2.2,-0.1,5,82.4,85.3,79,3720,3038,682,3366,844,2522,-23,61,84,7063
1120,"354300","2002JJ00",15542,8142,7400,17880,9271,8649,-1.6,-0.1,-3.3,86.9,87.8,85.6,3919,3180,739,3500,884,2616,-19,63,82,7400
1121,"354300","2003JJ00",14993,7825,7168,16947,8734,8252,-5.2,-5.8,-4.6,88.5,89.6,86.9,3991,3244,747,3180,888,2292,-3,63,66,7168
1122,"354300","2004JJ00",15358,8039,7319,17040,8825,8253,0.5,1,0,90.1,91.1,88.7,4104,3338,766,3213,898,2315,2,64,62,7319
1123,"354300","2005JJ00",15297,8044,7253,16676,8735,7976,-2.1,-1,-3.4,91.7,92.1,90.9,4095,3358,737,3129,905,2224,29,70,41,7253
1124,"354300","2006JJ00",15784,8358,7426,17186,8958,8264,3.1,2.6,3.6,91.8,93.3,89.9,4171,3448,723,3213,922,2291,42,73,31,7426
1125,"354300","2007JJ00",16464,8703,7761,17583,9152,8469,2.3,2.2,2.5,93.6,95.1,91.6,4329,3558,771,3392,949,2443,40,73,33,7761
1126,"354300","2008JJ00",16882,9108,7774,17748,9320,8463,0.9,1.8,-0.1,95.1,97.7,91.9,4560,3730,830,3175,965,2210,39,77,38,7774
1127,"354300","2009JJ00",15735,8744,6991,15927,8851,7076,-10.3,-5,-16.4,98.8,98.8,98.8,4515,3699,816,2448,953,1495,28,77,49,6991
1128,"354300","2010JJ00",16419,8774,7645,16419,8774,7645,3.1,-0.9,8,100,100,100,4512,3673,839,3101,926,2175,32,82,50,7645
1129,"354300","2011JJ00",16981,9059,7922,16795,8901,7894,2.3,1.4,3.3,101.1,101.8,100.4,4752,3841,911,3140,892,2248,30,78,48,7922
1130,"354300","2012JJ00",16274,8745,7529,15730,8450,7278,-6.3,-5.1,-7.8,103.5,103.5,103.4,4834,3880,954,2662,878,1784,33,71,38,7529
1131,"354300","2013JJ00",16114,8658,7456,15074,8308,6764,-4.2,-1.7,-7.1,106.9,104.2,110.2,4696,3758,938,2717,855,1862,43,73,30,7456
1132,"354300","2014JJ00",15982,8513,7469,14891,8196,6693,-1.2,-1.4,-1,107.3,103.9,111.6,4618,3623,995,2791,845,1946,60,76,16,7469
1133,"354300","2015JJ00",16420,8636,7784,15153,8319,6830,1.8,1.5,2,108.4,103.8,114,4498,3574,924,3226,NA,NA,60,75,15,7784
1134,"356900","1995JJ00",35262,15609,19653,45148,20889,24338,NA,NA,NA,78.1,74.7,80.8,12017,10733,1284,7590,2582,5008,46,131,85,19653
1135,"356900","1996JJ00",38626,17450,21176,48722,22902,25932,7.9,9.6,6.5,79.3,76.2,81.7,12551,11188,1363,8616,2650,5966,9,124,115,21176
1136,"356900","1997JJ00",42805,18975,23830,52834,24605,28334,8.4,7.4,9.3,81,77.1,84.1,13149,11733,1416,10697,2686,8011,-16,123,139,23830
1137,"356900","1998JJ00",46741,20808,25933,57126,26706,30542,8.1,8.5,7.8,81.8,77.9,84.9,13997,11837,2160,11980,2718,9262,-44,133,177,25933
1138,"356900","1999JJ00",51047,22588,28459,61172,28498,32797,7.1,6.7,7.4,83.4,79.3,86.8,15091,12767,2324,13394,2845,10549,-26,147,173,28459
1139,"356900","2000JJ00",56226,24690,31536,65992,30250,35832,7.9,6.1,9.3,85.2,81.6,88,16122,13658,2464,15439,3041,12398,-25,153,178,31536
1140,"356900","2001JJ00",58470,26005,32465,66613,30965,35770,0.9,2.4,-0.2,87.8,84,90.8,16955,14407,2548,15510,3198,12312,0,198,198,32465
1141,"356900","2002JJ00",61681,27381,34300,66745,31558,35350,0.2,1.9,-1.2,92.4,86.8,97,17604,14588,3016,16697,3353,13344,-1,209,210,34300
1142,"356900","2003JJ00",60564,26891,33673,66441,30108,36356,-0.5,-4.6,2.8,91.2,89.3,92.6,18414,14843,3571,15257,3425,11832,2,199,197,33673
1143,"356900","2004JJ00",64124,28170,35954,69508,30913,38599,4.6,2.7,6.2,92.3,91.1,93.1,18459,15057,3402,17513,3476,14037,-18,208,226,35954
1144,"356900","2005JJ00",66656,29025,37631,71849,31293,40544,3.4,1.2,5,92.8,92.8,92.8,18714,15243,3471,18858,3530,15328,59,255,196,37631
1145,"356900","2006JJ00",71025,31350,39675,76488,33314,43162,6.5,6.5,6.5,92.9,94.1,91.9,19488,15984,3504,20115,3614,16501,72,257,185,39675
1146,"356900","2007JJ00",77872,34003,43869,80818,35334,45469,5.7,6.1,5.3,96.4,96.2,96.5,20785,17057,3728,23017,3761,19256,67,261,194,43869
1147,"356900","2008JJ00",80557,35533,45024,81608,36014,45580,1,1.9,0.2,98.7,98.7,98.8,22100,18095,4005,22830,3924,18906,94,288,194,45024
1148,"356900","2009JJ00",75512,33847,41665,76911,34108,42790,-5.8,-5.3,-6.1,98.2,99.2,97.4,22361,18370,3991,19239,4023,15216,65,315,250,41665
1149,"356900","2010JJ00",80622,35005,45617,80622,35005,45617,4.8,2.6,6.6,100,100,100,22535,18536,3999,23036,4038,18998,46,326,280,45617
1150,"356900","2011JJ00",83954,36346,47608,84472,35901,48571,4.8,2.6,6.5,99.4,101.2,98,23373,19105,4268,24133,4000,20133,102,364,262,47608
1151,"356900","2012JJ00",85301,36933,48368,85127,36198,48928,0.8,0.8,0.7,100.2,102,98.9,24222,19552,4670,24047,4033,20014,99,336,237,48368
1152,"356900","2013JJ00",87412,36823,50589,86708,35900,50838,1.9,-0.8,3.9,100.8,102.6,99.5,24351,19657,4694,26142,4287,21855,96,345,249,50589
1153,"356900","2014JJ00",89033,37304,51729,89001,36340,52708,2.6,1.2,3.7,100,102.7,98.1,24466,19682,4784,27178,4312,22866,85,347,262,51729
1154,"356900","2015JJ00",91645,38163,53482,91079,37231,53894,2.3,2.5,2.3,100.6,102.5,99.2,25351,20598,4753,28088,NA,NA,43,294,251,53482
1155,"371600","1995JJ00",19917,7273,12644,25027,9805,15250,NA,NA,NA,79.6,74.2,82.9,7235,6103,1132,5358,1302,4056,51,83,32,12644
1156,"371600","1996JJ00",20884,7927,12957,26181,10439,15790,4.6,6.5,3.5,79.8,75.9,82.1,7468,6342,1126,5537,1376,4161,-48,80,128,12957
1157,"371600","1997JJ00",22195,8468,13727,27220,10981,16299,4,5.2,3.2,81.5,77.1,84.2,7817,6721,1096,6043,1464,4579,-133,82,215,13727
1158,"371600","1998JJ00",24386,9022,15364,28758,11540,17276,5.6,5.1,6,84.8,78.2,88.9,8290,6715,1575,7298,1571,5727,-224,80,304,15364
1159,"371600","1999JJ00",26190,9694,16496,30331,12134,18254,5.5,5.1,5.7,86.3,79.9,90.4,9059,7265,1794,7710,1694,6016,-273,87,360,16496
1160,"371600","2000JJ00",28224,10409,17815,31653,12611,19095,4.4,3.9,4.6,89.2,82.5,93.3,9919,7842,2077,8172,1847,6325,-276,98,374,17815
1161,"371600","2001JJ00",29949,10869,19080,31997,12737,19313,1.1,1,1.1,93.6,85.3,98.8,10354,8360,1994,9010,1986,7024,-284,119,403,19080
1162,"371600","2002JJ00",31469,11470,19999,32085,13034,19139,0.3,2.3,-0.9,98.1,88,104.5,10698,8633,2065,9563,2121,7442,-262,128,390,19999
1163,"371600","2003JJ00",31336,11360,19976,31923,12589,19363,-0.5,-3.4,1.2,98.2,90.2,103.2,10962,8790,2172,9178,2209,6969,-164,127,291,19976
1164,"371600","2004JJ00",31193,11562,19631,32249,12616,19648,1,0.2,1.5,96.7,91.6,99.9,11219,9016,2203,8599,2289,6310,-187,122,309,19631
1165,"371600","2005JJ00",31631,11847,19784,32504,12736,19785,0.8,1,0.7,97.3,93,100,11099,9004,2095,8826,2360,6466,-141,132,273,19784
1166,"371600","2006JJ00",33538,12601,20937,34107,13284,20836,4.9,4.3,5.3,98.3,94.9,100.5,11373,9336,2037,9662,2422,7240,-98,139,237,20937
1167,"371600","2007JJ00",35078,13181,21897,35448,13599,21851,3.9,2.4,4.9,99,96.9,100.2,12030,9860,2170,9974,2505,7469,-107,136,243,21897
1168,"371600","2008JJ00",35669,13694,21975,35797,13739,22059,1,1,1,99.6,99.7,99.6,12550,10215,2335,9519,2589,6930,-94,141,235,21975
1169,"371600","2009JJ00",35160,13313,21847,34609,13357,21253,-3.3,-2.8,-3.7,101.6,99.7,102.8,12555,10256,2299,9402,2624,6778,-110,165,275,21847
1170,"371600","2010JJ00",34773,13372,21401,34773,13372,21401,0.5,0.1,0.7,100,100,100,12632,10385,2247,8877,2605,6272,-108,167,275,21401
1171,"371600","2011JJ00",35689,13790,21899,35416,13686,21730,1.8,2.3,1.5,100.8,100.8,100.8,12908,10591,2317,9041,2560,6481,-50,173,223,21899
1172,"371600","2012JJ00",35685,13631,22054,35018,13491,21527,-1.1,-1.4,-0.9,101.9,101,102.5,13090,10597,2493,8954,2521,6433,10,178,168,22054
1173,"371600","2013JJ00",35738,13552,22186,34291,13451,20843,-2.1,-0.3,-3.2,104.2,100.8,106.4,13064,10511,2553,9066,2469,6597,56,189,133,22186
1174,"371600","2014JJ00",35827,13481,22346,34906,13489,21410,1.8,0.3,2.7,102.6,99.9,104.4,13274,10610,2664,8975,2416,6559,97,180,83,22346
1175,"371600","2015JJ00",36611,13403,23208,35719,13639,22066,2.3,1.1,3.1,102.5,98.3,105.2,13381,10781,2600,9739,NA,NA,88,166,78,23208
1176,"383100","1995JJ00",32935,17114,15821,43108,25039,18038,NA,NA,NA,76.4,68.3,87.7,9960,8144,1816,5772,3152,2620,89,147,58,15821
1177,"383100","1996JJ00",34602,18610,15992,44973,26548,18487,4.3,6,2.5,76.9,70.1,86.5,10321,8441,1880,5610,3314,2296,61,153,92,15992
1178,"383100","1997JJ00",37864,20192,17672,47595,28352,19356,5.8,6.8,4.7,79.6,71.2,91.3,10751,8870,1881,6910,3416,3494,11,129,118,17672
1179,"383100","1998JJ00",40693,21357,19336,50434,29890,20631,6,5.4,6.6,80.7,71.5,93.7,11548,8816,2732,7806,3591,4215,-18,128,146,19336
1180,"383100","1999JJ00",42417,22645,19772,52069,30891,21276,3.2,3.3,3.1,81.5,73.3,92.9,12339,9452,2887,7429,3820,3609,4,168,164,19772
1181,"383100","2000JJ00",45785,25096,20689,54366,32167,22282,4.4,4.1,4.7,84.2,78,92.9,13088,9992,3096,7572,4115,3457,29,197,168,20689
1182,"383100","2001JJ00",47420,25781,21639,55003,32648,22456,1.2,1.5,0.8,86.2,79,96.4,13654,10568,3086,8005,4361,3644,-20,202,222,21639
1183,"383100","2002JJ00",48469,26420,22049,54761,32847,22077,-0.4,0.6,-1.7,88.5,80.4,99.9,14155,10991,3164,7924,4519,3405,-30,196,226,22049
1184,"383100","2003JJ00",49366,26703,22663,55258,32414,22866,0.9,-1.3,3.6,89.3,82.4,99.1,14541,11203,3338,8143,4649,3494,-21,180,201,22663
1185,"383100","2004JJ00",53065,29269,23796,58456,34366,24126,5.8,6,5.5,90.8,85.2,98.6,14722,11337,3385,9079,4752,4327,-5,202,207,23796
1186,"383100","2005JJ00",56572,31626,24946,60344,35402,24969,3.2,3,3.5,93.7,89.3,99.9,14629,11406,3223,10276,4842,5434,41,230,189,24946
1187,"383100","2006JJ00",59601,33254,26347,62294,36239,26050,3.2,2.4,4.3,95.7,91.8,101.1,14751,11613,3138,11514,4933,6581,82,254,172,26347
1188,"383100","2007JJ00",63645,35744,27901,65882,38411,27474,5.8,6,5.5,96.6,93.1,101.6,15649,12298,3351,12170,5076,7094,82,251,169,27901
1189,"383100","2008JJ00",67578,39100,28478,67300,39467,27855,2.2,2.8,1.4,100.4,99.1,102.2,16291,12672,3619,12095,5231,6864,92,267,175,28478
1190,"383100","2009JJ00",62248,36134,26114,63473,37753,25757,-5.7,-4.3,-7.5,98.1,95.7,101.4,16282,12669,3613,9747,5358,4389,85,283,198,26114
1191,"383100","2010JJ00",64921,37930,26991,64921,37930,26991,2.3,0.5,4.8,100,100,100,16148,12577,3571,10761,5657,5104,82,292,210,26991
1192,"383100","2011JJ00",68285,41104,27181,66970,39034,27936,3.2,2.9,3.5,102,105.3,97.3,16670,12928,3742,10411,5813,4598,100,289,189,27181
1193,"383100","2012JJ00",69836,42052,27784,67009,38829,28199,0.1,-0.5,0.9,104.2,108.3,98.5,16792,12911,3881,10882,6061,4821,110,289,179,27784
1194,"383100","2013JJ00",70566,42158,28408,66905,38927,27981,-0.2,0.3,-0.8,105.5,108.3,101.5,16974,12989,3985,11283,6195,5088,151,294,143,28408
1195,"383100","2014JJ00",72873,42987,29886,68651,39966,28687,2.6,2.7,2.5,106.1,107.6,104.2,16787,12881,3906,12925,6291,6634,174,306,132,29886
1196,"383100","2015JJ00",74349,42137,32212,69861,40856,29000,1.8,2.2,1.1,106.4,103.1,111.1,17015,13204,3811,15021,NA,NA,176,294,118,32212
1197,"383200","1995JJ00",13452,6391,7061,18582,9346,9134,NA,NA,NA,72.4,68.4,77.3,4735,3975,760,2235,1345,890,91,98,7,7061
1198,"383200","1996JJ00",14130,7022,7108,19179,9939,9168,3.2,6.4,0.4,73.7,70.6,77.5,4894,4125,769,2144,1404,740,70,105,35,7108
1199,"383200","1997JJ00",15103,7571,7532,20007,10535,9411,4.3,6,2.7,75.5,71.9,80,4998,4284,714,2508,1420,1088,26,80,54,7532
1200,"383200","1998JJ00",16459,8008,8451,21475,11131,10261,7.3,5.7,9,76.6,71.9,82.4,5517,4299,1218,2930,1439,1491,4,82,78,8451
1201,"383200","1999JJ00",17520,8506,9014,22268,11509,10669,3.7,3.4,4,78.7,73.9,84.5,5895,4592,1303,3103,1487,1616,16,105,89,9014
1202,"383200","2000JJ00",18551,9364,9187,23087,11970,11028,3.7,4,3.4,80.4,78.2,83.3,6360,4889,1471,2813,1580,1233,14,106,92,9187
1203,"383200","2001JJ00",19372,9647,9725,23200,12156,10963,0.5,1.5,-0.6,83.5,79.4,88.7,6562,5149,1413,3163,1645,1518,0,107,107,9725
1204,"383200","2002JJ00",19686,9854,9832,23030,12142,10815,-0.7,-0.1,-1.3,85.5,81.2,90.9,6692,5287,1405,3140,1641,1499,0,101,101,9832
1205,"383200","2003JJ00",20122,10295,9827,22968,12396,10530,-0.3,2.1,-2.6,87.6,83.1,93.3,6876,5389,1487,2952,1617,1335,-1,94,95,9827
1206,"383200","2004JJ00",21454,11496,9958,24059,13338,10716,4.8,7.6,1.8,89.2,86.2,92.9,6870,5368,1502,3089,1598,1491,-1,106,107,9958
1207,"383200","2005JJ00",22159,12041,10118,24141,13335,10797,0.3,0,0.8,91.8,90.3,93.7,6781,5340,1441,3317,1585,1732,20,112,92,10118
1208,"383200","2006JJ00",23814,13130,10684,25451,14240,11208,5.4,6.8,3.8,93.6,92.2,95.3,6849,5438,1411,3796,1557,2239,39,121,82,10684
1209,"383200","2007JJ00",25541,14277,11264,26785,15283,11509,5.2,7.3,2.7,95.4,93.4,97.9,7334,5808,1526,3895,1544,2351,35,116,81,11264
1210,"383200","2008JJ00",26782,15651,11131,26993,15697,11316,0.8,2.7,-1.7,99.2,99.7,98.4,7656,5995,1661,3436,1542,1894,39,123,84,11131
1211,"383200","2009JJ00",25403,14475,10928,25693,15075,10636,-4.8,-4,-6,98.9,96,102.7,7468,5890,1578,3421,1554,1867,39,137,98,10928
1212,"383200","2010JJ00",25874,14910,10964,25874,14910,10964,0.7,-1.1,3.1,100,100,100,7616,5934,1682,3308,1572,1736,40,143,103,10964
1213,"383200","2011JJ00",27409,16079,11330,26712,15320,11392,3.2,2.7,3.9,102.6,105,99.5,7785,6055,1730,3495,1598,1897,50,142,92,11330
1214,"383200","2012JJ00",27904,16256,11648,26595,15075,11530,-0.4,-1.6,1.2,104.9,107.8,101,7764,5982,1782,3826,1653,2173,58,139,81,11648
1215,"383200","2013JJ00",27416,15872,11544,25872,14669,11212,-2.7,-2.7,-2.8,106,108.2,103,7602,5865,1737,3856,1704,2152,86,136,50,11544
1216,"383200","2014JJ00",28009,16070,11939,26193,14973,11223,1.2,2.1,0.1,106.9,107.3,106.4,7565,5808,1757,4270,1723,2547,104,142,38,11939
1217,"383200","2015JJ00",28505,15991,12514,26720,15410,11312,2,2.9,0.8,106.7,103.8,110.6,7656,5930,1726,4743,NA,NA,115,143,28,12514
1218,"384900","1995JJ00",3748,2457,1291,4477,3485,1099,NA,NA,NA,83.7,70.5,117.5,526,441,85,802,429,373,-37,0,37,1291
1219,"384900","1996JJ00",3834,2552,1282,4581,3560,1128,2.3,2.2,2.6,83.7,71.7,113.6,555,471,84,766,437,329,-39,1,40,1282
1220,"384900","1997JJ00",4323,2776,1547,4986,3848,1245,8.8,8.1,10.4,86.7,72.1,124.3,574,485,89,1012,447,565,-39,2,41,1547
1221,"384900","1998JJ00",4692,2927,1765,5263,4050,1321,5.6,5.3,6.1,89.2,72.3,133.6,577,453,124,1228,486,742,-40,1,41,1765
1222,"384900","1999JJ00",4712,3126,1586,5392,4233,1308,2.5,4.5,-1,87.4,73.9,121.3,609,483,126,1018,512,506,-41,3,44,1586
1223,"384900","2000JJ00",5322,3531,1791,5803,4486,1450,7.6,6,10.8,91.7,78.7,123.5,626,484,142,1210,526,684,-45,4,49,1791
1224,"384900","2001JJ00",5795,3844,1951,6333,4840,1618,9.2,7.9,11.6,91.5,79.4,120.6,665,524,141,1340,521,819,-54,2,56,1951
1225,"384900","2002JJ00",5699,3902,1797,6173,4775,1539,-2.5,-1.4,-4.9,92.3,81.7,116.7,706,552,154,1146,556,590,-55,3,58,1797
1226,"384900","2003JJ00",6182,4253,1929,6580,5088,1642,6.6,6.6,6.7,94,83.6,117.5,679,531,148,1307,580,727,-57,2,59,1929
1227,"384900","2004JJ00",6550,4543,2007,6813,5292,1684,3.5,4,2.5,96.1,85.9,119.2,656,516,140,1402,583,819,-51,4,55,2007
1228,"384900","2005JJ00",7283,4946,2337,7223,5545,1832,6,4.8,8.8,100.8,89.2,127.6,664,528,136,1723,594,1129,-50,5,55,2337
1229,"384900","2006JJ00",6715,4352,2363,6634,4757,1917,-8.2,-14.2,4.7,101.2,91.5,123.3,670,539,131,1740,616,1124,-47,5,52,2363
1230,"384900","2007JJ00",7263,4789,2474,7421,5222,2219,11.9,9.8,15.7,97.9,91.7,111.5,725,582,143,1796,646,1150,-47,4,51,2474
1231,"384900","2008JJ00",7793,5096,2697,7629,5239,2387,2.8,0.3,7.6,102.2,97.3,113,782,623,159,1963,692,1271,-48,3,51,2697
1232,"384900","2009JJ00",7064,4697,2367,7266,5009,2256,-4.8,-4.4,-5.5,97.2,93.8,104.9,821,669,152,1595,734,861,-49,5,54,2367
1233,"384900","2010JJ00",7102,4897,2205,7102,4897,2205,-2.3,-2.2,-2.3,100,100,100,843,680,163,1419,742,677,-57,7,64,2205
1234,"384900","2011JJ00",7308,5232,2076,7059,4881,2178,-0.6,-0.3,-1.2,103.5,107.2,95.3,859,691,168,1272,749,523,-55,8,63,2076
1235,"384900","2012JJ00",7712,5681,2031,7349,5149,2192,4.1,5.5,0.6,104.9,110.3,92.7,896,718,178,1191,760,431,-56,8,64,2031
1236,"384900","2013JJ00",7970,5573,2397,7500,5106,2414,2.1,-0.8,10.1,106.3,109.1,99.3,946,760,186,1508,776,732,-57,10,67,2397
1237,"384900","2014JJ00",8371,5766,2605,7928,5349,2604,5.7,4.8,7.9,105.6,107.8,100,942,749,193,1728,789,939,-65,7,72,2605
1238,"384900","2015JJ00",8506,5433,3073,8035,5459,2598,1.3,2.1,-0.2,105.9,99.5,118.3,933,748,185,2204,NA,NA,-64,4,68,3073
1239,"386300","1995JJ00",4760,2858,1902,5632,5148,1136,NA,NA,NA,84.5,55.5,167.4,1172,851,321,715,657,58,15,16,1,1902
1240,"386300","1996JJ00",5072,3333,1739,6081,5725,1172,8,11.2,3.1,83.4,58.2,148.4,1280,923,357,443,672,-229,16,16,0,1739
1241,"386300","1997JJ00",6078,3760,2318,6691,6264,1303,10,9.4,11.2,90.8,60,177.9,1415,1025,390,886,664,222,17,17,0,2318
1242,"386300","1998JJ00",6393,3923,2470,7047,6537,1392,5.3,4.4,6.9,90.7,60,177.4,1483,1038,445,974,668,306,13,14,1,2470
1243,"386300","1999JJ00",6606,4261,2345,7359,6786,1468,4.4,3.8,5.4,89.8,62.8,159.7,1584,1116,468,742,697,45,19,21,2,2345
1244,"386300","2000JJ00",7579,5102,2477,7700,7133,1523,4.6,5.1,3.8,98.4,71.5,162.6,1655,1145,510,775,752,23,47,49,2,2477
1245,"386300","2001JJ00",7292,4956,2336,7326,6880,1408,-4.9,-3.5,-7.5,99.5,72,165.9,1616,1181,435,678,814,-136,42,54,12,2336
1246,"386300","2002JJ00",7549,4916,2633,7272,6901,1367,-0.7,0.3,-2.9,103.8,71.2,192.6,1725,1248,477,867,826,41,41,49,8,2633
1247,"386300","2003JJ00",7050,4209,2841,7199,5730,1761,-1,-17,28.8,97.9,73.5,161.4,1794,1302,492,1006,847,159,41,44,3,2841
1248,"386300","2004JJ00",7610,4620,2990,7846,5916,2068,9,3.3,17.5,97,78.1,144.6,1747,1275,472,1206,868,338,37,40,3,2990
1249,"386300","2005JJ00",8563,5464,3099,8505,6331,2287,8.4,7,10.6,100.7,86.3,135.5,1761,1308,453,1285,873,412,53,56,3,3099
1250,"386300","2006JJ00",9314,5835,3479,8937,6488,2508,5.1,2.5,9.7,104.2,89.9,138.7,1770,1332,438,1648,864,784,61,64,3,3479
1251,"386300","2007JJ00",9532,5892,3640,9292,6522,2752,4,0.5,9.7,102.6,90.3,132.3,1853,1391,462,1723,864,859,64,66,2,3640
1252,"386300","2008JJ00",10009,6628,3381,9427,6577,2819,1.5,0.8,2.4,106.2,100.8,119.9,1941,1445,496,1374,871,503,66,68,2,3381
1253,"386300","2009JJ00",8176,5869,2307,8685,6402,2309,-7.9,-2.7,-18.1,94.1,91.7,99.9,2103,1499,604,146,897,-751,58,61,3,2307
1254,"386300","2010JJ00",9472,6632,2840,9472,6632,2840,9.1,3.6,23,100,100,100,1838,1380,458,949,877,72,53,56,3,2840
1255,"386300","2011JJ00",9679,7418,2261,9809,6693,3116,3.6,0.9,9.7,98.7,110.8,72.6,1909,1441,468,308,825,-517,44,47,3,2261
1256,"386300","2012JJ00",10052,7741,2311,9791,6633,3184,-0.2,-0.9,2.2,102.7,116.7,72.6,1873,1396,477,388,843,-455,50,53,3,2311
1257,"386300","2013JJ00",10595,8097,2498,10399,7112,3273,6.2,7.2,2.8,101.9,113.9,76.3,1927,1440,487,519,817,-298,52,52,0,2498
1258,"386300","2014JJ00",10582,8034,2548,10708,7236,3500,3,1.8,6.9,98.8,111,72.8,1877,1393,484,610,808,-198,61,61,0,2548
1259,"386300","2015JJ00",10820,7338,3482,10907,7339,3614,1.9,1.4,3.3,99.2,100,96.4,2020,1528,492,1404,NA,NA,58,58,0,3482
1260,"386800","1995JJ00",7490,3932,3558,10191,5238,4956,NA,NA,NA,73.5,75.1,71.8,2064,1638,426,1483,625,858,11,22,11,3558
1261,"386800","1996JJ00",7894,4139,3755,10677,5476,5204,4.8,4.6,5,73.9,75.6,72.2,2102,1666,436,1644,680,964,9,21,12,3755
1262,"386800","1997JJ00",8493,4411,4082,11315,5794,5526,6,5.8,6.2,75.1,76.1,73.9,2198,1779,419,1875,744,1131,9,21,12,4082
1263,"386800","1998JJ00",9041,4697,4344,11823,6108,5718,4.5,5.4,3.5,76.5,76.9,76,2387,1819,568,1947,830,1117,10,23,13,4344
1264,"386800","1999JJ00",9395,4905,4490,12167,6265,5905,2.9,2.6,3.3,77.2,78.3,76,2573,1962,611,1901,926,975,16,28,12,4490
1265,"386800","2000JJ00",9897,5126,4771,12608,6399,6215,3.6,2.1,5.3,78.5,80.1,76.8,2629,2110,519,2117,1043,1074,25,32,7,4771
1266,"386800","2001JJ00",10359,5352,5007,12894,6588,6311,2.3,2.9,1.5,80.3,81.2,79.3,2944,2282,662,2053,1162,891,10,36,26,5007
1267,"386800","2002JJ00",10859,5648,5211,13000,6732,6270,0.8,2.2,-0.6,83.5,83.9,83.1,3110,2440,670,2099,1277,822,2,39,37,5211
1268,"386800","2003JJ00",11243,5776,5467,13180,6724,6460,1.4,-0.1,3,85.3,85.9,84.6,3251,2545,706,2204,1397,807,12,36,24,5467
1269,"386800","2004JJ00",12289,6386,5903,14021,7311,6711,6.4,8.7,3.9,87.6,87.3,88,3476,2709,767,2401,1505,896,26,47,21,5903
1270,"386800","2005JJ00",13367,6877,6490,14759,7690,7070,5.3,5.2,5.4,90.6,89.4,91.8,3534,2784,750,2923,1601,1322,33,51,18,6490
1271,"386800","2006JJ00",14367,7452,6915,15521,8093,7430,5.2,5.2,5.1,92.6,92.1,93.1,3578,2849,729,3294,1712,1582,43,58,15,6915
1272,"386800","2007JJ00",15761,8204,7557,16629,8682,7950,7.1,7.3,7,94.8,94.5,95.1,3842,3058,784,3671,1839,1832,44,59,15,7557
1273,"386800","2008JJ00",17418,9122,8296,17596,9286,8312,5.8,7,4.6,99,98.2,99.8,3998,3157,841,4249,1940,2309,49,66,17,8296
1274,"386800","2009JJ00",16369,8580,7789,16490,8696,7795,-6.3,-6.3,-6.2,99.3,98.7,99.9,4050,3201,849,3687,1981,1706,52,73,21,7789
1275,"386800","2010JJ00",17481,9037,8444,17481,9037,8444,6,3.9,8.3,100,100,100,4106,3248,858,4279,2270,2009,59,77,18,8444
1276,"386800","2011JJ00",18862,9772,9090,18509,9590,8919,5.9,6.1,5.6,101.9,101.9,101.9,4292,3399,893,4730,2451,2279,68,82,14,9090
1277,"386800","2012JJ00",19185,9666,9519,18617,9368,9249,0.6,-2.3,3.7,103.1,103.2,102.9,4480,3512,968,4974,2622,2352,65,81,16,9519
1278,"386800","2013JJ00",19572,9825,9747,18783,9428,9355,0.9,0.6,1.1,104.2,104.2,104.2,4703,3688,1015,4972,2719,2253,72,86,14,9747
1279,"386800","2014JJ00",20617,10145,10472,19506,9699,9808,3.9,2.9,4.8,105.7,104.6,106.8,4840,3784,1056,5557,2797,2760,75,87,12,10472
1280,"386800","2015JJ00",21074,10261,10813,19901,9821,10078,2,1.3,2.8,105.9,104.5,107.3,4958,3917,1041,5789,NA,NA,66,80,14,10813
1281,"388400","1995JJ00",3485,1476,2009,4210,1879,2323,NA,NA,NA,82.8,78.6,86.5,1463,1239,224,537,96,441,9,11,2,2009
1282,"388400","1996JJ00",3672,1564,2108,4415,1972,2435,4.9,4.9,4.8,83.2,79.3,86.6,1490,1256,234,613,121,492,5,10,5,2108
1283,"388400","1997JJ00",3867,1674,2193,4520,2078,2439,2.4,5.4,0.1,85.6,80.6,89.9,1566,1297,269,629,141,488,-2,9,11,2193
1284,"388400","1998JJ00",4108,1802,2306,4762,2224,2537,5.4,7,4.1,86.3,81,90.9,1584,1207,377,727,168,559,-5,8,13,2306
1285,"388400","1999JJ00",4184,1847,2337,4820,2275,2547,1.2,2.3,0.4,86.8,81.2,91.7,1678,1299,379,665,198,467,-6,11,17,2337
1286,"388400","2000JJ00",4436,1973,2463,5075,2379,2696,5.3,4.6,5.8,87.4,82.9,91.4,1818,1364,454,657,214,443,-12,6,18,2463
1287,"388400","2001JJ00",4602,1982,2620,5192,2356,2829,2.3,-1,5,88.6,84.1,92.6,1867,1432,435,771,219,552,-18,3,21,2620
1288,"388400","2002JJ00",4676,2100,2576,5247,2461,2786,1,4.4,-1.5,89.1,85.3,92.5,1922,1464,458,672,219,453,-18,4,22,2576
1289,"388400","2003JJ00",4769,2170,2599,5294,2497,2798,0.9,1.5,0.4,90.1,86.9,92.9,1941,1436,505,674,208,466,-16,4,20,2599
1290,"388400","2004JJ00",5162,2224,2938,5662,2512,3141,7,0.6,12.3,91.2,88.5,93.5,1973,1469,504,981,198,783,-16,5,21,2938
1291,"388400","2005JJ00",5200,2298,2902,5618,2526,3086,-0.8,0.5,-1.8,92.6,91,94,1889,1446,443,1028,189,839,-15,6,21,2902
1292,"388400","2006JJ00",5391,2485,2906,5721,2679,3039,1.8,6,-1.5,94.2,92.8,95.6,1884,1455,429,1036,184,852,-14,6,20,2906
1293,"388400","2007JJ00",5548,2582,2966,5712,2714,2996,-0.1,1.3,-1.4,97.1,95.1,99,1895,1459,436,1085,183,902,-14,6,20,2966
1294,"388400","2008JJ00",5576,2603,2973,5624,2671,2951,-1.6,-1.6,-1.5,99.1,97.4,100.8,1914,1452,462,1073,186,887,-14,7,21,2973
1295,"388400","2009JJ00",5236,2513,2723,5322,2572,2750,-5.4,-3.7,-6.8,98.4,97.7,99,1840,1410,430,898,192,706,-15,7,22,2723
1296,"388400","2010JJ00",4992,2454,2538,4992,2454,2538,-6.2,-4.6,-7.7,100,100,100,1745,1335,410,806,196,610,-13,9,22,2538
1297,"388400","2011JJ00",5027,2603,2424,4881,2550,2331,-2.2,3.9,-8.2,103,102.1,104,1825,1342,483,606,190,416,-7,10,17,2424
1298,"388400","2012JJ00",4983,2708,2275,4656,2596,2063,-4.6,1.8,-11.5,107,104.3,110.3,1779,1303,476,503,183,320,-7,8,15,2275
1299,"388400","2013JJ00",5013,2791,2222,4372,2567,1814,-6.1,-1.1,-12,114.7,108.7,122.5,1796,1236,560,428,179,249,-2,10,12,2222
1300,"388400","2014JJ00",5294,2972,2322,4353,2666,1710,-0.4,3.8,-5.8,121.6,111.5,135.8,1563,1147,416,760,174,586,-1,9,10,2322
1301,"388400","2015JJ00",5444,3114,2330,4348,2781,1610,-0.1,4.3,-5.8,125.2,112,144.7,1448,1081,367,881,NA,NA,1,9,8,2330
1302,"389100","1995JJ00",11644,6572,5072,18203,9058,9218,NA,NA,NA,64,72.6,55,2797,2437,360,2179,469,1710,96,108,12,5072
1303,"389100","1996JJ00",12340,7062,5278,18887,9581,9321,3.8,5.8,1.1,65.3,73.7,56.6,2896,2523,373,2305,473,1832,77,116,39,5278
1304,"389100","1997JJ00",13403,7571,5832,20155,10047,10180,6.7,4.9,9.2,66.5,75.4,57.3,3094,2734,360,2677,474,2203,61,128,67,5832
1305,"389100","1998JJ00",14442,8020,6422,21292,10396,11040,5.6,3.5,8.5,67.8,77.1,58.2,3276,2719,557,3118,487,2631,28,122,94,6422
1306,"389100","1999JJ00",15596,8528,7068,22133,10847,11422,3.9,4.3,3.5,70.5,78.6,61.9,3590,2947,643,3452,523,2929,26,141,115,7068
1307,"389100","2000JJ00",16823,9117,7706,23092,11113,12177,4.3,2.5,6.6,72.9,82,63.3,3982,3232,750,3700,579,3121,24,145,121,7706
1308,"389100","2001JJ00",17665,9531,8134,22907,11102,11978,-0.8,-0.1,-1.6,77.1,85.9,67.9,4123,3406,717,3977,626,3351,34,165,131,8134
1309,"389100","2002JJ00",18131,9448,8683,22127,10851,11409,-3.4,-2.3,-4.7,81.9,87.1,76.1,4170,3446,724,4469,669,3800,44,172,128,8683
1310,"389100","2003JJ00",17542,9192,8350,20919,10330,10705,-5.5,-4.8,-6.2,83.9,89,78,4150,3417,733,4146,696,3450,54,163,109,8350
1311,"389100","2004JJ00",17656,9326,8330,20771,10444,10415,-0.7,1.1,-2.7,85,89.3,80,4151,3445,706,4131,720,3411,48,166,118,8330
1312,"389100","2005JJ00",18131,9665,8466,20972,10633,10419,1,1.8,0,86.5,90.9,81.3,4202,3514,688,4184,737,3447,80,180,100,8466
1313,"389100","2006JJ00",18968,10287,8681,21511,10959,10627,2.6,3.1,2,88.2,93.9,81.7,4339,3677,662,4238,755,3483,104,188,84,8681
1314,"389100","2007JJ00",20084,10819,9265,22026,11264,10833,2.4,2.8,1.9,91.2,96,85.5,4536,3839,697,4620,786,3834,109,196,87,9265
1315,"389100","2008JJ00",20154,11047,9107,21206,10990,10266,-3.7,-2.4,-5.2,95,100.5,88.7,4713,3964,749,4275,830,3445,119,206,87,9107
1316,"389100","2009JJ00",19563,10634,8929,19996,10668,9334,-5.7,-2.9,-9.1,97.8,99.7,95.7,4748,4021,727,4083,859,3224,98,196,98,8929
1317,"389100","2010JJ00",19211,10393,8818,19211,10393,8818,-3.9,-2.6,-5.5,100,100,100,4897,4099,798,3811,867,2944,110,208,98,8818
1318,"389100","2011JJ00",20050,10736,9314,19610,10496,9114,2.1,1,3.4,102.2,102.3,102.2,5103,4273,830,4067,861,3206,144,229,85,9314
1319,"389100","2012JJ00",20308,10902,9406,19411,10440,8971,-1,-0.5,-1.6,104.6,104.4,104.8,5244,4343,901,3999,861,3138,163,231,68,9406
1320,"389100","2013JJ00",20628,11014,9614,19485,10498,8987,0.4,0.6,0.2,105.9,104.9,107,5361,4409,952,4084,854,3230,169,224,55,9614
1321,"389100","2014JJ00",21686,11344,10342,20140,10879,9261,3.4,3.6,3,107.7,104.3,111.7,5618,4566,1052,4517,846,3671,207,239,32,10342
1322,"389100","2015JJ00",22824,11786,11038,20716,11241,9479,2.9,3.3,2.3,110.2,104.8,116.4,5859,4803,1056,5036,NA,NA,143,174,31,11038
1323,"389200","1995JJ00",2811,1441,1370,4177,1973,2224,NA,NA,NA,67.3,73,61.6,770,668,102,530,230,300,70,75,5,1370
1324,"389200","1996JJ00",2996,1577,1419,4351,2133,2224,4.2,8.1,0,68.9,73.9,63.8,797,692,105,555,232,323,67,80,13,1419
1325,"389200","1997JJ00",3252,1706,1546,4650,2259,2401,6.9,5.9,8,69.9,75.5,64.4,852,750,102,633,233,400,61,85,24,1546
1326,"389200","1998JJ00",3519,1817,1702,4926,2364,2578,5.9,4.6,7.4,71.4,76.9,66,903,745,158,748,238,510,51,83,32,1702
1327,"389200","1999JJ00",3799,1937,1862,5126,2462,2679,4.1,4.2,3.9,74.1,78.7,69.5,990,808,182,815,253,562,57,97,40,1862
1328,"389200","2000JJ00",4103,2110,1993,5358,2564,2812,4.5,4.1,4.9,76.6,82.3,70.9,1098,886,212,836,278,558,59,101,42,1993
1329,"389200","2001JJ00",4315,2186,2129,5323,2536,2806,-0.7,-1.1,-0.2,81.1,86.2,75.9,1137,934,203,917,299,618,75,120,45,2129
1330,"389200","2002JJ00",4428,2177,2251,5132,2479,2666,-3.6,-2.2,-5,86.3,87.8,84.4,1149,932,217,1020,318,702,82,127,45,2251
1331,"389200","2003JJ00",4352,2246,2106,4943,2508,2444,-3.7,1.1,-8.4,88,89.6,86.2,1134,918,216,891,329,562,81,120,39,2106
1332,"389200","2004JJ00",4505,2364,2141,5076,2606,2477,2.7,3.9,1.4,88.8,90.7,86.4,1161,946,215,897,339,558,83,123,40,2141
1333,"389200","2005JJ00",4665,2437,2228,5204,2657,2556,2.5,1.9,3.2,89.6,91.7,87.2,1172,968,204,957,346,611,99,135,36,2228
1334,"389200","2006JJ00",4904,2598,2306,5367,2750,2626,3.1,3.5,2.7,91.4,94.5,87.8,1215,1018,197,981,354,627,110,141,31,2306
1335,"389200","2007JJ00",5261,2764,2497,5564,2866,2706,3.7,4.2,3,94.6,96.4,92.3,1275,1067,208,1107,369,738,115,148,33,2497
1336,"389200","2008JJ00",5336,2865,2471,5440,2848,2597,-2.2,-0.6,-4,98.1,100.6,95.1,1350,1129,221,996,390,606,125,158,33,2471
1337,"389200","2009JJ00",5046,2744,2302,5108,2732,2378,-6.1,-4.1,-8.5,98.8,100.4,96.8,1331,1120,211,859,405,454,112,147,35,2302
1338,"389200","2010JJ00",5025,2728,2297,5025,2728,2297,-1.6,-0.1,-3.4,100,100,100,1364,1135,229,813,411,402,120,155,35,2297
1339,"389200","2011JJ00",5195,2809,2386,5114,2763,2351,1.8,1.3,2.4,101.6,101.7,101.5,1410,1173,237,839,410,429,137,166,29,2386
1340,"389200","2012JJ00",5268,2841,2427,5049,2767,2282,-1.3,0.1,-2.9,104.3,102.7,106.4,1422,1173,249,855,411,444,150,172,22,2427
1341,"389200","2013JJ00",5396,2870,2526,5181,2805,2375,2.6,1.4,4.1,104.1,102.3,106.4,1453,1193,260,925,406,519,148,166,18,2526
1342,"389200","2014JJ00",5680,2908,2772,5364,2868,2493,3.5,2.3,4.9,105.9,101.4,111.2,1499,1217,282,1104,400,704,169,179,10,2772
1343,"389200","2015JJ00",6041,3024,3017,5536,2976,2558,3.2,3.7,2.6,109.1,101.6,117.9,1563,1281,282,1339,NA,NA,115,125,10,3017
1344,"390500","1995JJ00",8833,5131,3702,14058,7088,7005,NA,NA,NA,62.8,72.4,52.8,2027,1769,258,1649,239,1410,26,33,7,3702
1345,"390500","1996JJ00",9344,5485,3859,14567,7452,7113,3.6,5.1,1.5,64.1,73.6,54.3,2099,1831,268,1750,241,1509,10,36,26,3859
1346,"390500","1997JJ00",10151,5865,4286,15538,7791,7801,6.7,4.6,9.7,65.3,75.3,54.9,2242,1984,258,2044,241,1803,0,43,43,4286
1347,"390500","1998JJ00",10923,6203,4720,16400,8036,8490,5.5,3.1,8.8,66.6,77.2,55.6,2373,1974,399,2370,249,2121,-23,39,62,4720
1348,"390500","1999JJ00",11797,6591,5206,17041,8388,8769,3.9,4.4,3.3,69.2,78.6,59.4,2600,2139,461,2637,270,2367,-31,44,75,5206
1349,"390500","2000JJ00",12720,7007,5713,17769,8552,9401,4.3,2,7.2,71.6,81.9,60.8,2884,2346,538,2864,301,2563,-35,44,79,5713
1350,"390500","2001JJ00",13350,7345,6005,17618,8569,9200,-0.8,0.2,-2.1,75.8,85.7,65.3,2986,2472,514,3060,327,2733,-41,45,86,6005
1351,"390500","2002JJ00",13703,7271,6432,17030,8376,8771,-3.3,-2.3,-4.7,80.5,86.8,73.3,3021,2514,507,3449,351,3098,-38,45,83,6432
1352,"390500","2003JJ00",13190,6946,6244,16002,7824,8297,-6,-6.6,-5.4,82.4,88.8,75.3,3016,2499,517,3255,367,2888,-27,43,70,6244
1353,"390500","2004JJ00",13151,6962,6189,15710,7840,7958,-1.8,0.2,-4.1,83.7,88.8,77.8,2990,2499,491,3234,381,2853,-35,43,78,6189
1354,"390500","2005JJ00",13466,7228,6238,15778,7977,7874,0.4,1.8,-1.1,85.3,90.6,79.2,3030,2546,484,3227,391,2836,-19,45,64,6238
1355,"390500","2006JJ00",14064,7689,6375,16153,8211,8011,2.4,2.9,1.7,87.1,93.6,79.6,3124,2659,465,3257,401,2856,-6,47,53,6375
1356,"390500","2007JJ00",14823,8055,6768,16467,8399,8134,1.9,2.3,1.5,90,95.9,83.2,3261,2772,489,3513,417,3096,-6,48,54,6768
1357,"390500","2008JJ00",14818,8182,6636,15766,8143,7671,-4.3,-3.1,-5.7,94,100.5,86.5,3363,2835,528,3279,440,2839,-6,48,54,6636
1358,"390500","2009JJ00",14517,7890,6627,14890,7937,6958,-5.6,-2.5,-9.3,97.5,99.4,95.2,3417,2901,516,3224,454,2770,-14,49,63,6627
1359,"390500","2010JJ00",14186,7665,6521,14186,7665,6521,-4.7,-3.4,-6.3,100,100,100,3533,2964,569,2998,456,2542,-10,53,63,6521
1360,"390500","2011JJ00",14855,7927,6928,14496,7733,6763,2.2,0.9,3.7,102.5,102.5,102.4,3693,3100,593,3228,451,2777,7,63,56,6928
1361,"390500","2012JJ00",15040,8061,6979,14362,7673,6689,-0.9,-0.8,-1.1,104.7,105,104.3,3822,3170,652,3144,450,2694,13,59,46,6979
1362,"390500","2013JJ00",15232,8144,7088,14304,7693,6610,-0.4,0.3,-1.2,106.5,105.9,107.2,3908,3216,692,3159,448,2711,21,58,37,7088
1363,"390500","2014JJ00",16006,8436,7570,14776,8010,6767,3.3,4.1,2.4,108.3,105.3,111.9,4119,3349,770,3413,446,2967,38,60,22,7570
1364,"390500","2015JJ00",16783,8762,8021,15182,8265,6919,2.7,3.2,2.2,110.5,106,115.9,4296,3522,774,3697,NA,NA,28,49,21,8021
1365,"391600","1995JJ00",18349,8892,9457,18200,8835,9361,NA,NA,NA,100.8,100.6,101,5052,4411,641,4412,1824,2588,-7,36,43,9457
1366,"391600","1996JJ00",20553,10097,10456,20149,10169,9978,10.7,15.1,6.6,102,99.3,104.8,5645,4926,719,4830,1887,2943,-19,42,61,10456
1367,"391600","1997JJ00",24337,11968,12369,23917,12144,11774,18.7,19.4,18,101.8,98.6,105,6500,5750,750,5890,2017,3873,-21,49,70,12369
1368,"391600","1998JJ00",28870,14437,14433,28930,14929,14017,21,22.9,19,99.8,96.7,103,7779,6442,1337,6704,2263,4441,-50,51,101,14433
1369,"391600","1999JJ00",33695,17314,16381,34612,18106,16540,19.6,21.3,18,97.3,95.6,99,9112,7534,1578,7306,2672,4634,-37,64,101,16381
1370,"391600","2000JJ00",38755,20420,18335,40160,20895,19301,16,15.4,16.7,96.5,97.7,95,10566,8604,1962,7794,3218,4576,-25,70,95,18335
1371,"391600","2001JJ00",43038,22588,20450,44329,23010,21360,10.4,10.1,10.7,97.1,98.2,95.7,11297,9559,1738,9181,3679,5502,-28,79,107,20450
1372,"391600","2002JJ00",44149,22123,22026,45301,23018,22337,2.2,0,4.6,97.5,96.1,98.6,11041,9165,1876,11015,3955,7060,-30,79,109,22026
1373,"391600","2003JJ00",44953,21555,23398,45735,22487,23284,1,-2.3,4.2,98.3,95.9,100.5,11003,8946,2057,12422,4042,8380,-27,80,107,23398
1374,"391600","2004JJ00",45474,21674,23800,46018,22491,23557,0.6,0,1.2,98.8,96.4,101,10956,8848,2108,12877,4073,8804,-33,83,116,23800
1375,"391600","2005JJ00",47276,22553,24723,47894,23314,24607,4.1,3.7,4.5,98.7,96.7,100.5,11503,9430,2073,13245,4125,9120,-25,86,111,24723
1376,"391600","2006JJ00",49661,23475,26186,50278,24080,26212,5,3.3,6.5,98.8,97.5,99.9,12142,10048,2094,14074,4242,9832,-30,84,114,26186
1377,"391600","2007JJ00",52999,24841,28158,53064,25151,27920,5.5,4.5,6.5,99.9,98.8,100.9,13140,10849,2291,15058,4421,10637,-40,84,124,28158
1378,"391600","2008JJ00",53781,25003,28778,53936,25129,28805,1.6,-0.1,3.2,99.7,99.5,99.9,14092,11531,2561,14745,4613,10132,-59,83,142,28778
1379,"391600","2009JJ00",51307,23814,27493,51947,24014,27931,-3.7,-4.4,-3,98.8,99.2,98.4,14442,11513,2929,13163,4685,8478,-112,86,198,27493
1380,"391600","2010JJ00",51302,23459,27843,51302,23459,27843,-1.2,-2.3,-0.3,100,100,100,13768,11230,2538,14233,4763,9470,-158,86,244,27843
1381,"391600","2011JJ00",52056,24167,27889,52492,24208,28284,2.3,3.2,1.6,99.2,99.8,98.6,14128,11607,2521,13925,4759,9166,-164,79,243,27889
1382,"391600","2012JJ00",51881,24130,27751,52800,24327,28473,0.6,0.5,0.7,98.3,99.2,97.5,14513,11744,2769,13374,4795,8579,-136,68,204,27751
1383,"391600","2013JJ00",52258,24338,27920,53677,24642,29037,1.7,1.3,2,97.4,98.8,96.2,14458,11660,2798,13549,4795,8754,-87,92,179,27920
1384,"391600","2014JJ00",54628,26155,28473,56761,26680,30067,5.7,8.3,3.5,96.2,98,94.7,14588,11838,2750,13988,4799,9189,-103,113,216,28473
1385,"391600","2015JJ00",57031,27707,29324,59539,28113,31406,4.9,5.4,4.5,95.8,98.6,93.4,15402,12450,2952,14042,4936,9106,-120,95,215,29324
1386,"391705","1995JJ00",7136,4095,3041,9782,5061,4727,NA,NA,NA,73,80.9,64.3,1884,1606,278,1155,202,953,2,18,16,3041
1387,"391705","1996JJ00",7555,4274,3281,9978,5142,4846,2,1.6,2.5,75.7,83.1,67.7,1938,1649,289,1339,211,1128,4,20,16,3281
1388,"391705","1997JJ00",8004,4419,3585,10334,5380,4953,3.6,4.6,2.2,77.4,82.1,72.4,2064,1778,286,1516,221,1295,5,21,16,3585
1389,"391705","1998JJ00",8525,4760,3765,10940,5711,5225,5.9,6.2,5.5,77.9,83.3,72.1,2204,1781,423,1557,239,1318,4,22,18,3765
1390,"391705","1999JJ00",9074,5016,4058,11330,5921,5404,3.6,3.7,3.4,80.1,84.7,75.1,2385,1931,454,1670,264,1406,3,20,17,4058
1391,"391705","2000JJ00",9586,5302,4284,11596,6060,5532,2.3,2.3,2.4,82.7,87.5,77.4,2542,2039,503,1739,295,1444,3,20,17,4284
1392,"391705","2001JJ00",9820,5411,4409,11485,6015,5463,-1,-0.7,-1.2,85.5,90,80.7,2595,2130,465,1811,325,1486,3,22,19,4409
1393,"391705","2002JJ00",10156,5431,4725,11537,5928,5616,0.5,-1.4,2.8,88,91.6,84.1,2584,2134,450,2131,349,1782,10,23,13,4725
1394,"391705","2003JJ00",10251,5471,4780,11393,5896,5500,-1.3,-0.6,-2.1,90,92.8,86.9,2647,2144,503,2125,360,1765,8,25,17,4780
1395,"391705","2004JJ00",10420,5549,4871,11410,5938,5473,0.1,0.7,-0.5,91.3,93.5,89,2560,2073,487,2299,369,1930,12,26,14,4871
1396,"391705","2005JJ00",10550,5774,4776,11457,6082,5369,0.4,2.4,-1.9,92.1,94.9,88.9,2595,2122,473,2165,382,1783,16,26,10,4776
1397,"391705","2006JJ00",10990,5990,5000,11754,6216,5535,2.6,2.2,3.1,93.5,96.4,90.3,2663,2194,469,2325,402,1923,12,25,13,5000
1398,"391705","2007JJ00",11501,6298,5203,12072,6392,5675,2.7,2.8,2.5,95.3,98.5,91.7,2782,2283,499,2410,430,1980,11,25,14,5203
1399,"391705","2008JJ00",11481,6274,5207,11835,6263,5567,-2,-2,-1.9,97,100.2,93.5,2886,2356,530,2316,457,1859,5,25,20,5207
1400,"391705","2009JJ00",10986,5857,5129,11156,5873,5281,-5.7,-6.2,-5.1,98.5,99.7,97.1,2792,2279,513,2338,486,1852,-1,24,25,5129
1401,"391705","2010JJ00",10589,5507,5082,10589,5507,5082,-5.1,-6.2,-3.8,100,100,100,2680,2182,498,2406,516,1890,-4,25,29,5082
1402,"391705","2011JJ00",10496,5588,4908,10376,5498,4878,-2,-0.2,-4,101.2,101.6,100.6,2690,2194,496,2220,534,1686,-2,25,27,4908
1403,"391705","2012JJ00",10243,5399,4844,10015,5312,4703,-3.5,-3.4,-3.6,102.3,101.6,103,2694,2170,524,2150,544,1606,0,21,21,4844
1404,"391705","2013JJ00",10041,5301,4740,9664,5180,4485,-3.5,-2.5,-4.6,103.9,102.3,105.7,2592,2100,492,2135,552,1583,13,26,13,4740
1405,"391705","2014JJ00",10175,5284,4891,9690,5144,4545,0.3,-0.7,1.4,105,102.7,107.6,2527,2032,495,2353,559,1794,11,28,17,4891
1406,"391705","2015JJ00",10192,5273,4919,9589,5135,4455,-1,-0.2,-2,106.3,102.7,110.4,2564,2057,507,2345,NA,NA,10,24,14,4919
1407,"391700","1995JJ00",4489,2372,2117,6121,2879,3276,NA,NA,NA,73.3,82.4,64.6,1262,1091,171,850,106,744,5,7,2,2117
1408,"391700","1996JJ00",4747,2498,2249,6199,2928,3300,1.3,1.7,0.8,76.6,85.3,68.1,1300,1110,190,943,110,833,6,10,4,2249
1409,"391700","1997JJ00",4991,2587,2404,6417,3112,3315,3.5,6.3,0.4,77.8,83.1,72.5,1394,1206,188,1005,117,888,5,8,3,2404
1410,"391700","1998JJ00",5376,2841,2535,6955,3384,3580,8.4,8.7,8,77.3,83.9,70.8,1479,1203,276,1051,129,922,5,9,4,2535
1411,"391700","1999JJ00",5746,3021,2725,7220,3549,3674,3.8,4.9,2.6,79.6,85.1,74.2,1612,1318,294,1110,145,965,3,9,6,2725
1412,"391700","2000JJ00",6022,3183,2839,7339,3620,3720,1.7,2,1.2,82.1,87.9,76.3,1711,1385,326,1124,165,959,4,9,5,2839
1413,"391700","2001JJ00",6045,3196,2849,7116,3507,3611,-3,-3.1,-2.9,84.9,91.1,78.9,1696,1401,295,1149,181,968,4,10,6,2849
1414,"391700","2002JJ00",6085,3116,2969,6986,3379,3618,-1.8,-3.6,0.2,87.1,92.2,82.1,1625,1362,263,1340,188,1152,4,10,6,2969
1415,"391700","2003JJ00",6090,3127,2963,6863,3358,3512,-1.8,-0.6,-2.9,88.7,93.1,84.4,1672,1371,301,1287,188,1099,4,11,7,2963
1416,"391700","2004JJ00",6229,3201,3028,6913,3436,3479,0.7,2.3,-0.9,90.1,93.2,87,1599,1308,291,1422,190,1232,7,13,6,3028
1417,"391700","2005JJ00",6389,3455,2934,7017,3650,3357,1.5,6.2,-3.5,91.1,94.7,87.4,1644,1355,289,1284,197,1087,6,12,6,2934
1418,"391700","2006JJ00",6574,3566,3008,7110,3711,3388,1.3,1.7,0.9,92.5,96.1,88.8,1691,1401,290,1312,207,1105,5,11,6,3008
1419,"391700","2007JJ00",6932,3754,3178,7345,3822,3512,3.3,3,3.7,94.4,98.2,90.5,1761,1454,307,1412,223,1189,5,11,6,3178
1420,"391700","2008JJ00",6920,3713,3207,7205,3712,3485,-1.9,-2.9,-0.8,96,100,92,1855,1521,334,1348,237,1111,4,10,6,3207
1421,"391700","2009JJ00",6654,3468,3186,6775,3449,3322,-6,-7.1,-4.7,98.2,100.5,95.9,1769,1454,315,1413,248,1165,4,11,7,3186
1422,"391700","2010JJ00",6336,3161,3175,6336,3161,3175,-6.5,-8.4,-4.4,100,100,100,1680,1381,299,1492,265,1227,3,11,8,3175
1423,"391700","2011JJ00",6183,3174,3009,6080,3113,2967,-4,-1.5,-6.6,101.7,102,101.4,1667,1370,297,1339,272,1067,3,11,8,3009
1424,"391700","2012JJ00",5982,3077,2905,5789,3004,2785,-4.8,-3.5,-6.1,103.3,102.4,104.3,1667,1352,315,1235,271,964,3,9,6,2905
1425,"391700","2013JJ00",5788,2959,2829,5490,2907,2583,-5.2,-3.2,-7.2,105.4,101.8,109.5,1576,1287,289,1246,269,977,7,12,5,2829
1426,"391700","2014JJ00",5618,2818,2800,5278,2758,2518,-3.9,-5.1,-2.5,106.4,102.2,111.2,1479,1197,282,1313,265,1048,8,13,5,2800
1427,"391700","2015JJ00",5557,2772,2785,5170,2729,2442,-2,-1.1,-3,107.5,101.6,114,1523,1218,305,1257,NA,NA,5,9,4,2785
1428,"800021","1995JJ00",2647,1723,924,3666,2183,1464,NA,NA,NA,72.2,78.9,63.1,622,515,107,305,96,209,-3,11,14,924
1429,"800021","1996JJ00",2808,1776,1032,3785,2215,1560,3.2,1.5,6.6,74.2,80.2,66.1,638,539,99,396,101,295,-2,10,12,1032
1430,"800021","1997JJ00",3013,1832,1181,3924,2266,1654,3.7,2.3,6,76.8,80.8,71.4,670,572,98,511,104,407,0,13,13,1181
1431,"800021","1998JJ00",3149,1919,1230,3990,2323,1661,1.7,2.5,0.4,78.9,82.6,74.1,725,578,147,506,110,396,-1,13,14,1230
1432,"800021","1999JJ00",3328,1995,1333,4116,2368,1745,3.1,1.9,5,80.9,84.3,76.4,773,613,160,560,119,441,0,11,11,1333
1433,"800021","2000JJ00",3564,2119,1445,4262,2434,1826,3.5,2.8,4.7,83.6,87.1,79.1,831,654,177,615,130,485,-1,11,12,1445
1434,"800021","2001JJ00",3775,2215,1560,4371,2504,1864,2.6,2.9,2.1,86.4,88.5,83.7,899,729,170,662,144,518,-1,12,13,1560
1435,"800021","2002JJ00",4071,2315,1756,4551,2547,2005,4.1,1.7,7.6,89.4,90.9,87.6,959,772,187,791,161,630,6,13,7,1756
1436,"800021","2003JJ00",4161,2344,1817,4529,2536,1993,-0.5,-0.4,-0.6,91.9,92.4,91.2,975,773,202,838,172,666,4,14,10,1817
1437,"800021","2004JJ00",4191,2348,1843,4496,2499,1998,-0.7,-1.5,0.2,93.2,93.9,92.3,961,765,196,877,179,698,5,13,8,1843
1438,"800021","2005JJ00",4161,2319,1842,4443,2431,2013,-1.2,-2.7,0.8,93.7,95.4,91.5,951,767,184,881,185,696,10,14,4,1842
1439,"800021","2006JJ00",4416,2424,1992,4644,2504,2144,4.5,3,6.5,95.1,96.8,92.9,972,793,179,1013,195,818,7,14,7,1992
1440,"800021","2007JJ00",4569,2544,2025,4729,2569,2162,1.8,2.6,0.9,96.6,99,93.6,1021,829,192,998,207,791,6,14,8,2025
1441,"800021","2008JJ00",4561,2561,2000,4631,2549,2082,-2.1,-0.7,-3.7,98.5,100.5,96,1031,835,196,968,220,748,1,15,14,2000
1442,"800021","2009JJ00",4332,2389,1943,4381,2422,1959,-5.4,-5,-5.9,98.9,98.6,99.2,1023,825,198,925,238,687,-5,13,18,1943
1443,"800021","2010JJ00",4253,2346,1907,4253,2346,1907,-2.9,-3.1,-2.7,100,100,100,1000,801,199,914,251,663,-7,14,21,1907
1444,"800021","2011JJ00",4313,2414,1899,4296,2385,1911,1,1.7,0.2,100.4,101.2,99.4,1023,824,199,881,262,619,-5,14,19,1899
1445,"800021","2012JJ00",4261,2322,1939,4227,2308,1920,-1.6,-3.2,0.5,100.8,100.6,101,1027,818,209,915,273,642,-3,12,15,1939
1446,"800021","2013JJ00",4253,2342,1911,4178,2273,1905,-1.2,-1.5,-0.8,101.8,103,100.3,1016,813,203,889,283,606,6,14,8,1911
1447,"800021","2014JJ00",4557,2466,2091,4423,2385,2040,5.9,4.9,7.1,103,103.4,102.5,1048,835,213,1040,294,746,3,15,12,2091
1448,"800021","2015JJ00",4635,2501,2134,4432,2405,2028,0.2,0.9,-0.6,104.6,104,105.2,1041,839,202,1088,NA,NA,5,15,10,2134
1449,"394100","1995JJ00",6426,2710,3716,3836,1751,2011,NA,NA,NA,167.5,154.8,184.8,1196,1018,178,2520,1184,1336,0,8,8,3716
1450,"394100","1996JJ00",6848,3079,3769,4188,2176,1974,9.2,24.3,-1.8,163.5,141.5,191,1233,1045,188,2538,1221,1317,-2,11,13,3769
1451,"394100","1997JJ00",8157,3867,4290,5214,2800,2390,24.5,28.7,21.1,156.4,138.1,179.5,1362,1168,194,2927,1313,1614,1,15,14,4290
1452,"394100","1998JJ00",9926,4897,5029,6905,3886,3028,32.4,38.8,26.7,143.8,126,166.1,1634,1321,313,3407,1496,1911,-12,16,28,5029
1453,"394100","1999JJ00",12333,6723,5610,9582,5641,4014,38.8,45.2,32.6,128.7,119.2,139.8,1887,1519,368,3726,1805,1921,-3,29,32,5610
1454,"394100","2000JJ00",15091,8690,6401,12519,7237,5357,30.6,28.3,33.5,120.5,120.1,119.5,2442,1912,530,3952,2219,1733,7,33,26,6401
1455,"394100","2001JJ00",17364,10182,7182,14989,8709,6370,19.7,20.3,18.9,115.8,116.9,112.7,2680,2189,491,4493,2563,1930,9,35,26,7182
1456,"394100","2002JJ00",18805,10052,8753,16554,9237,7430,10.4,6.1,16.6,113.6,108.8,117.8,2452,1981,471,6297,2759,3538,4,34,30,8753
1457,"394100","2003JJ00",19603,9711,9892,17268,9175,8176,4.3,-0.7,10,113.5,105.8,121,2240,1738,502,7645,2814,4831,7,34,27,9892
1458,"394100","2004JJ00",19089,9470,9619,16953,8989,8044,-1.8,-2,-1.6,112.6,105.4,119.6,2212,1708,504,7399,2813,4586,8,34,26,9619
1459,"394100","2005JJ00",18992,9248,9744,17323,8939,8435,2.2,-0.5,4.9,109.6,103.5,115.5,2206,1730,476,7529,2817,4712,9,34,25,9744
1460,"394100","2006JJ00",18923,9097,9826,17713,8836,8898,2.3,-1.2,5.5,106.8,103,110.4,2240,1775,465,7579,2864,4715,7,32,25,9826
1461,"394100","2007JJ00",19256,9248,10008,18454,9072,9395,4.2,2.7,5.6,104.3,101.9,106.5,2329,1837,492,7672,2931,4741,7,32,25,10008
1462,"394100","2008JJ00",18318,8677,9641,18242,8662,9579,-1.2,-4.5,2,100.4,100.2,100.6,2291,1766,525,7346,2998,4348,4,30,26,9641
1463,"394100","2009JJ00",17265,8189,9076,17508,8261,9247,-4,-4.6,-3.5,98.6,99.1,98.2,2319,1743,576,6759,2976,3783,-2,30,32,9076
1464,"394100","2010JJ00",17244,8083,9161,17244,8083,9161,-1.5,-2.1,-0.9,100,100,100,2129,1656,473,7042,2969,4073,-10,29,39,9161
1465,"394100","2011JJ00",17057,7929,9128,16753,7933,8820,-2.8,-1.9,-3.7,101.8,99.9,103.5,2086,1698,388,7046,2921,4125,-4,32,36,9128
1466,"394100","2012JJ00",16745,8035,8710,16530,8078,8461,-1.3,1.8,-4.1,101.3,99.5,102.9,2136,1685,451,6583,2904,3679,-9,24,33,8710
1467,"394100","2013JJ00",16531,8324,8207,16644,8439,8224,0.7,4.5,-2.8,99.3,98.6,99.8,2084,1667,417,6115,2854,3261,8,31,23,8207
1468,"394100","2014JJ00",16449,8496,7953,17079,8701,8398,2.6,3.1,2.1,96.3,97.6,94.7,2154,1721,433,5774,2827,2947,25,43,18,7953
1469,"394100","2015JJ00",16290,8867,7423,17708,9006,8723,3.7,3.5,3.9,92,98.5,85.1,2362,1795,567,5044,NA,NA,17,34,17,7423
1470,"395005","1995JJ00",4787,2087,2700,6427,2867,3569,NA,NA,NA,74.5,72.8,75.6,1972,1787,185,737,438,299,-9,10,19,2700
1471,"395005","1996JJ00",6150,2744,3406,8080,3714,4381,25.7,29.6,22.7,76.1,73.9,77.7,2474,2232,242,953,455,498,-21,11,32,3406
1472,"395005","1997JJ00",8176,3682,4494,10572,4906,5689,30.8,32.1,29.9,77.3,75.1,79,3074,2804,270,1447,483,964,-27,13,40,4494
1473,"395005","1998JJ00",10419,4780,5639,13142,6203,6972,24.3,26.5,22.5,79.3,77.1,80.9,3941,3340,601,1740,528,1212,-42,13,55,5639
1474,"395005","1999JJ00",12288,5575,6713,15055,7094,7999,14.6,14.4,14.7,81.6,78.6,83.9,4840,4084,756,1910,603,1307,-37,15,52,6713
1475,"395005","2000JJ00",14078,6428,7650,16780,7917,8906,11.5,11.6,11.3,83.9,81.2,85.9,5582,4653,929,2103,704,1399,-35,17,52,7650
1476,"395005","2001JJ00",15854,6995,8859,18136,8334,9836,8.1,5.3,10.4,87.4,83.9,90.1,6022,5240,782,2877,791,2086,-40,22,62,8859
1477,"395005","2002JJ00",15188,6640,8548,17090,7701,9411,-5.8,-7.6,-4.3,88.9,86.2,90.8,6005,5050,955,2587,847,1740,-44,22,66,8548
1478,"395005","2003JJ00",15099,6373,8726,16796,7222,9578,-1.7,-6.2,1.8,89.9,88.2,91.1,6116,5064,1052,2652,868,1784,-42,21,63,8726
1479,"395005","2004JJ00",15965,6655,9310,17487,7405,10082,4.1,2.5,5.3,91.3,89.9,92.3,6184,5067,1117,3179,891,2288,-53,23,76,9310
1480,"395005","2005JJ00",17734,7531,10203,19014,8195,10823,8.7,10.7,7.3,93.3,91.9,94.3,6702,5578,1124,3551,926,2625,-50,26,76,10203
1481,"395005","2006JJ00",19748,8388,11360,20785,8980,11810,9.3,9.6,9.1,95,93.4,96.2,7239,6079,1160,4170,976,3194,-49,27,76,11360
1482,"395005","2007JJ00",22242,9295,12947,22534,9656,12881,8.4,7.5,9.1,98.7,96.3,100.5,8029,6729,1300,4976,1060,3916,-58,27,85,12947
1483,"395005","2008JJ00",23982,10052,13930,23870,10200,13673,5.9,5.6,6.1,100.5,98.6,101.9,8915,7409,1506,5083,1158,3925,-68,28,96,13930
1484,"395005","2009JJ00",23056,9768,13288,23286,9878,13408,-2.4,-3.2,-1.9,99,98.9,99.1,9331,7491,1840,4066,1223,2843,-109,32,141,13288
1485,"395005","2010JJ00",23469,9869,13600,23469,9869,13600,0.8,-0.1,1.4,100,100,100,8959,7392,1567,4785,1278,3507,-144,32,176,13600
1486,"395005","2011JJ00",24503,10650,13853,25363,10777,14586,8.1,9.2,7.3,96.6,98.8,95,9352,7715,1637,4659,1304,3355,-158,22,180,13853
1487,"395005","2012JJ00",24893,10696,14197,26291,10942,15359,3.7,1.5,5.3,94.7,97.8,92.4,9683,7889,1794,4641,1347,3294,-127,23,150,14197
1488,"395005","2013JJ00",25686,10713,14973,27460,11031,16461,4.4,0.8,7.2,93.5,97.1,91,9782,7893,1889,5299,1389,3910,-108,35,143,14973
1489,"395005","2014JJ00",28004,12375,15629,30179,12876,17288,9.9,16.7,5,92.8,96.1,90.4,9907,8085,1822,5861,1413,4448,-139,42,181,15629
1490,"395005","2015JJ00",30549,13567,16982,32521,14037,18457,7.8,9,6.8,93.9,96.6,92,10476,8598,1878,6653,NA,NA,-147,37,184,16982
1491,"395000","1995JJ00",4424,1932,2492,5932,2658,3282,NA,NA,NA,74.6,72.7,75.9,1821,1650,171,682,390,292,-11,8,19,2492
1492,"395000","1996JJ00",5696,2538,3158,7470,3440,4045,25.9,29.4,23.2,76.3,73.8,78.1,2288,2064,224,893,402,491,-23,9,32,3158
1493,"395000","1997JJ00",7609,3414,4195,9808,4547,5283,31.3,32.2,30.6,77.6,75.1,79.4,2846,2596,250,1378,426,952,-29,11,40,4195
1494,"395000","1998JJ00",9722,4451,5271,12232,5775,6489,24.7,27,22.8,79.5,77.1,81.2,3655,3095,560,1658,465,1193,-42,13,55,5271
1495,"395000","1999JJ00",11476,5199,6277,14018,6613,7442,14.6,14.5,14.7,81.9,78.6,84.3,4491,3786,705,1823,534,1289,-37,14,51,6277
1496,"395000","2000JJ00",13140,6002,7138,15616,7385,8273,11.4,11.7,11.2,84.1,81.3,86.3,5181,4314,867,1992,625,1367,-35,16,51,7138
1497,"395000","2001JJ00",14793,6522,8271,16868,7756,9145,8,5,10.5,87.7,84.1,90.4,5578,4859,719,2733,704,2029,-40,21,61,8271
1498,"395000","2002JJ00",14117,6178,7939,15846,7146,8721,-6.1,-7.9,-4.6,89.1,86.5,91,5569,4680,889,2413,753,1660,-43,21,64,7939
1499,"395000","2003JJ00",14007,5917,8090,15555,6691,8868,-1.8,-6.4,1.7,90,88.4,91.2,5671,4693,978,2460,766,1694,-41,20,61,8090
1500,"395000","2004JJ00",14800,6175,8625,16195,6858,9337,4.1,2.5,5.3,91.4,90,92.4,5739,4697,1042,2938,781,2157,-52,22,74,8625
1501,"395000","2005JJ00",16437,6988,9449,17612,7595,10021,8.7,10.7,7.3,93.3,92,94.3,6220,5172,1048,3278,806,2472,-49,25,74,9449
1502,"395000","2006JJ00",18285,7790,10495,19231,8329,10907,9.2,9.7,8.8,95.1,93.5,96.2,6719,5637,1082,3824,845,2979,-48,26,74,10495
1503,"395000","2007JJ00",20624,8637,11987,20867,8960,11911,8.5,7.6,9.2,98.8,96.4,100.6,7454,6241,1213,4590,914,3676,-57,26,83,11987
1504,"395000","2008JJ00",22263,9338,12925,22138,9466,12674,6.1,5.7,6.4,100.6,98.6,102,8283,6873,1410,4708,995,3713,-66,27,93,12925
1505,"395000","2009JJ00",21382,9056,12326,21596,9154,12442,-2.4,-3.3,-1.8,99,98.9,99.1,8789,7034,1755,3643,1050,2593,-106,31,137,12326
1506,"395000","2010JJ00",21713,9130,12583,21713,9130,12583,0.5,-0.3,1.1,100,100,100,8401,6926,1475,4320,1091,3229,-138,31,169,12583
1507,"395000","2011JJ00",22367,9703,12664,23189,9813,13376,6.8,7.5,6.3,96.5,98.9,94.7,8708,7175,1533,4107,1104,3003,-151,19,170,12664
1508,"395000","2012JJ00",22964,9852,13112,24300,10074,14236,4.8,2.7,6.4,94.5,97.8,92.1,9014,7333,1681,4217,1130,3087,-119,22,141,13112
1509,"395000","2013JJ00",23330,9696,13634,24999,9983,15049,2.9,-0.9,5.7,93.3,97.1,90.6,9045,7277,1768,4689,1156,3533,-100,33,133,13634
1510,"395000","2014JJ00",24826,10816,14010,26815,11260,15551,7.3,12.8,3.3,92.6,96.1,90.1,9112,7423,1689,5025,1173,3852,-127,39,166,14010
1511,"395000","2015JJ00",26906,11717,15189,28665,12126,16529,6.9,7.7,6.3,93.9,96.6,91.9,9625,7884,1741,5700,NA,NA,-136,35,171,15189
1512,"395600","1995JJ00",363,155,208,496,208,289,NA,NA,NA,73.2,74.4,72,151,137,14,55,48,7,2,2,0,208
1513,"395600","1996JJ00",454,206,248,610,274,337,23.1,31.6,16.8,74.4,75.1,73.5,186,168,18,60,53,7,2,2,0,248
1514,"395600","1997JJ00",567,268,299,764,358,407,25.1,30.6,20.6,74.3,74.8,73.5,228,208,20,69,57,12,2,2,0,299
1515,"395600","1998JJ00",697,329,368,908,428,481,18.9,19.4,18.4,76.8,76.9,76.4,286,245,41,82,63,19,0,0,0,368
1516,"395600","1999JJ00",812,376,436,1034,480,556,13.9,12.2,15.5,78.5,78.4,78.4,349,298,51,87,69,18,0,1,1,436
1517,"395600","2000JJ00",938,426,512,1161,531,633,12.3,10.6,13.8,80.8,80.3,80.9,401,339,62,111,79,32,0,1,1,512
1518,"395600","2001JJ00",1061,473,588,1265,578,689,9,8.9,9,83.8,81.8,85.3,444,381,63,144,87,57,0,1,1,588
1519,"395600","2002JJ00",1071,462,609,1244,555,691,-1.7,-4,0.2,86.1,83.3,88.2,436,370,66,174,94,80,-1,1,2,609
1520,"395600","2003JJ00",1092,456,636,1242,531,711,-0.2,-4.3,3,88,85.9,89.5,445,371,74,192,102,90,-1,1,2,636
1521,"395600","2004JJ00",1165,480,685,1293,547,746,4.1,3.1,4.9,90.1,87.8,91.9,445,370,75,241,110,131,-1,1,2,685
1522,"395600","2005JJ00",1297,543,754,1403,601,802,8.5,9.8,7.6,92.5,90.4,94,482,406,76,273,120,153,-1,1,2,754
1523,"395600","2006JJ00",1463,598,865,1555,650,904,10.9,8.3,12.7,94.1,92,95.7,520,442,78,346,131,215,-1,1,2,865
1524,"395600","2007JJ00",1618,658,960,1668,696,971,7.2,7,7.4,97,94.5,98.8,575,488,87,386,146,240,-1,1,2,960
1525,"395600","2008JJ00",1719,714,1005,1733,733,1000,3.9,5.3,2.9,99.2,97.4,100.5,632,536,96,375,163,212,-2,1,3,1005
1526,"395600","2009JJ00",1674,712,962,1690,724,967,-2.4,-1.3,-3.3,99,98.4,99.5,542,457,85,423,173,250,-3,1,4,962
1527,"395600","2010JJ00",1756,739,1017,1756,739,1017,3.9,2.1,5.2,100,100,100,558,466,92,465,187,278,-6,1,7,1017
1528,"395600","2011JJ00",2136,947,1189,2174,964,1210,23.8,30.4,19,98.3,98.2,98.3,644,540,104,552,200,352,-7,3,10,1189
1529,"395600","2012JJ00",1929,844,1085,1996,867,1129,-8.2,-10,-6.7,96.6,97.3,96.1,669,556,113,424,217,207,-8,1,9,1085
1530,"395600","2013JJ00",2356,1017,1339,2457,1048,1409,23.1,20.9,24.9,95.9,97,95,737,616,121,610,233,377,-8,2,10,1339
1531,"395600","2014JJ00",3178,1559,1619,3343,1617,1722,36,54.3,22.2,95.1,96.4,94,795,662,133,836,240,596,-12,3,15,1619
1532,"395600","2015JJ00",3643,1850,1793,3827,1912,1909,14.5,18.2,10.9,95.2,96.8,93.9,851,714,137,953,NA,NA,-11,2,13,1793
1533,"396300","1995JJ00",34730,14427,20303,43116,16627,26313,NA,NA,NA,80.5,86.8,77.2,9267,7918,1349,10926,1976,8950,110,118,8,20303
1534,"396300","1996JJ00",36473,15394,21079,45954,17744,28019,6.6,6.7,6.5,79.4,86.8,75.2,9801,8403,1398,11172,2046,9126,106,128,22,21079
1535,"396300","1997JJ00",39606,17595,22011,50170,19807,30089,9.2,11.6,7.4,78.9,88.8,73.2,10832,9151,1681,11062,2144,8918,117,150,33,22011
1536,"396300","1998JJ00",43125,20283,22842,55395,22468,32496,10.4,13.4,8,77.8,90.3,70.3,11643,9314,2329,11076,2337,8739,123,165,42,22842
1537,"396300","1999JJ00",46752,21966,24786,59925,24373,35065,8.2,8.5,7.9,78,90.1,70.7,12983,10366,2617,11654,2603,9051,149,194,45,24786
1538,"396300","2000JJ00",50067,23832,26235,61428,25130,35760,2.5,3.1,2,81.5,94.8,73.4,14304,11393,2911,11768,2940,8828,163,209,46,26235
1539,"396300","2001JJ00",52486,23648,28838,61260,24917,35848,-0.3,-0.8,0.2,85.7,94.9,80.4,14804,12179,2625,13881,3205,10676,153,208,55,28838
1540,"396300","2002JJ00",53858,23711,30147,61352,24022,37002,0.2,-3.6,3.2,87.8,98.7,81.5,16524,12715,3809,13465,3336,10129,158,217,59,30147
1541,"396300","2003JJ00",54596,23345,31251,61203,23701,37230,-0.2,-1.3,0.6,89.2,98.5,83.9,16329,12955,3374,14761,3349,11412,161,219,58,31251
1542,"396300","2004JJ00",56368,24004,32364,63115,24315,38542,3.1,2.6,3.5,89.3,98.7,84,16568,13246,3322,15633,3360,12273,163,230,67,32364
1543,"396300","2005JJ00",59092,26249,32843,65840,26273,39137,4.3,8.1,1.5,89.8,99.9,83.9,17196,13597,3599,15437,3371,12066,210,264,54,32843
1544,"396300","2006JJ00",60695,28897,31798,70926,28358,42095,7.7,7.9,7.6,85.6,101.9,75.5,17906,14540,3366,13653,3428,10225,239,289,50,31798
1545,"396300","2007JJ00",61579,31214,30365,74546,29550,44589,5.1,4.2,5.9,82.6,105.6,68.1,19439,15548,3891,10666,3547,7119,260,311,51,30365
1546,"396300","2008JJ00",62364,30736,31628,77215,30428,46464,3.6,3,4.2,80.8,101,68.1,19781,15388,4393,11595,3709,7886,252,305,53,31628
1547,"396300","2009JJ00",70039,28591,41448,75935,29450,46397,-1.7,-3.2,-0.1,92.2,97.1,89.3,19126,15280,3846,22069,3904,18165,253,315,62,41448
1548,"396300","2010JJ00",76281,28559,47722,76281,28559,47722,0.5,-3,2.9,100,100,100,18987,15138,3849,28502,4088,24414,233,299,66,47722
1549,"396300","2011JJ00",76004,30086,45918,76407,29242,47165,0.2,2.4,-1.2,99.5,102.9,97.4,19306,15238,4068,26346,4077,22269,266,328,62,45918
1550,"396300","2012JJ00",78286,28378,49908,73836,28127,45717,-3.4,-3.8,-3.1,106,100.9,109.2,19383,15258,4125,29786,4047,25739,739,796,57,49908
1551,"396300","2013JJ00",77189,28047,49142,72601,27983,44650,-1.7,-0.5,-2.3,106.3,100.2,110.1,20503,15586,4917,27818,4086,23732,821,862,41,49142
1552,"396300","2014JJ00",77841,29315,48526,71991,28670,43436,-0.8,2.5,-2.7,108.1,102.3,111.7,20512,15041,5471,26181,4099,22082,1833,1871,38,48526
1553,"396300","2015JJ00",74870,29930,44940,72712,29989,42925,1,4.6,-1.2,103,99.8,104.7,19608,15326,4282,24133,4117,20016,1199,1233,34,44940
1554,"396400","1995JJ00",19686,7613,12073,23232,8476,13971,NA,NA,NA,84.7,89.8,86.4,4975,4313,662,7049,795,6254,49,56,7,12073
1555,"396400","1996JJ00",20297,8124,12173,24983,8950,15196,7.5,5.6,8.8,81.2,90.8,80.1,5176,4509,667,6956,817,6139,41,56,15,12173
1556,"396400","1997JJ00",21834,9532,12302,27699,10346,16368,10.9,15.6,7.7,78.8,92.1,75.2,5930,4985,945,6326,874,5452,46,67,21,12302
1557,"396400","1998JJ00",23474,11242,12232,31286,12041,18052,12.9,16.4,10.3,75,93.4,67.8,6416,5110,1306,5770,975,4795,46,73,27,12232
1558,"396400","1999JJ00",26657,12692,13965,34929,13399,20216,11.6,11.3,12,76.3,94.7,69.1,7373,5893,1480,6540,1129,5411,52,80,28,13965
1559,"396400","2000JJ00",28818,13439,15379,35995,13501,21253,3,0.8,5.1,80.1,99.5,72.4,8248,6595,1653,7075,1327,5748,56,84,28,15379
1560,"396400","2001JJ00",30972,13086,17886,36145,13312,21678,0.4,-1.4,2,85.7,98.3,82.5,8696,7118,1578,9133,1463,7670,57,92,35,17886
1561,"396400","2002JJ00",32309,12800,19509,36664,12780,22851,1.4,-4,5.4,88.1,100.2,85.4,9937,7453,2484,9515,1488,8027,57,94,37,19509
1562,"396400","2003JJ00",32303,12311,19992,36808,12524,23301,0.4,-2,2,87.8,98.3,85.8,9518,7490,2028,10417,1473,8944,57,91,34,19992
1563,"396400","2004JJ00",32986,13120,19866,38501,13039,24442,4.6,4.1,4.9,85.7,100.6,81.3,9602,7630,1972,10206,1474,8732,58,101,43,19866
1564,"396400","2005JJ00",35583,14853,20730,41359,14565,25566,7.4,11.7,4.6,86,102,81.1,10264,7960,2304,10382,1476,8906,84,119,35,20730
1565,"396400","2006JJ00",34468,16492,17976,44401,15937,27069,7.4,9.4,5.9,77.6,103.5,66.4,10129,8265,1864,7751,1500,6251,96,130,34,17976
1566,"396400","2007JJ00",33201,17665,15536,47864,17077,29340,7.8,7.2,8.4,69.4,103.4,53,11442,8989,2453,3990,1570,2420,104,139,35,15536
1567,"396400","2008JJ00",34962,17390,17572,50574,17396,32267,5.7,1.9,10,69.1,100,54.5,11481,8634,2847,5998,1706,4292,93,128,35,17572
1568,"396400","2009JJ00",42956,15342,27614,49070,15899,33106,-3,-8.6,2.6,87.5,96.5,83.4,10903,8627,2276,16621,1825,14796,90,132,42,27614
1569,"396400","2010JJ00",49961,15764,34197,49961,15764,34197,1.8,-0.8,3.3,100,100,100,10685,8388,2297,23437,1959,21478,75,121,46,34197
1570,"396400","2011JJ00",48631,16810,31821,50259,16688,33571,0.6,5.9,-1.8,96.8,100.7,94.8,11289,8908,2381,20438,2094,18344,94,135,41,31821
1571,"396400","2012JJ00",50156,15762,34394,47806,15568,32256,-4.9,-6.7,-3.9,104.9,101.2,106.6,11269,8876,2393,22507,2135,20372,618,655,37,34394
1572,"396400","2013JJ00",51440,16326,35114,46581,15787,30843,-2.6,1.4,-4.4,110.4,103.4,113.8,12151,9117,3034,22307,2196,20111,656,683,27,35114
1573,"396400","2014JJ00",51088,16637,34451,46085,16216,29974,-1.1,2.7,-2.8,110.9,102.6,114.9,11927,8622,3305,20869,2226,18643,1655,1680,25,34451
1574,"396400","2015JJ00",51368,17790,33578,46714,17197,29704,1.4,6.1,-0.9,110,103.4,113,10906,8691,2215,21625,NA,NA,1047,1071,24,33578
1575,"398700","1995JJ00",12325,5924,6401,16326,6997,9658,NA,NA,NA,75.5,84.7,66.3,2776,2316,460,3570,1055,2515,55,55,0,6401
1576,"398700","1996JJ00",12873,6234,6639,16825,7451,9647,3.1,6.5,-0.1,76.5,83.7,68.8,2922,2438,484,3657,1100,2557,60,63,3,6639
1577,"398700","1997JJ00",13991,6962,7029,17916,8019,10170,6.5,7.6,5.4,78.1,86.8,69.1,3075,2587,488,3885,1138,2747,69,73,4,7029
1578,"398700","1998JJ00",15303,7727,7576,18982,8743,10464,5.9,9,2.9,80.6,88.4,72.4,3174,2529,645,4322,1219,3103,80,84,4,7576
1579,"398700","1999JJ00",15424,7799,7625,19712,9130,10805,3.8,4.4,3.3,78.2,85.4,70.6,3403,2687,716,4126,1307,2819,96,101,5,7625
1580,"398700","2000JJ00",16153,8697,7456,19931,9621,10454,1.1,5.4,-3.3,81,90.4,71.3,3674,2874,800,3675,1415,2260,107,113,6,7456
1581,"398700","2001JJ00",16303,8710,7593,19708,9574,10259,-1.1,-0.5,-1.9,82.7,91,74,3641,3028,613,3857,1516,2341,95,101,6,7593
1582,"398700","2002JJ00",16449,8951,7498,19598,9287,10488,-0.6,-3,2.2,83.9,96.4,71.5,4114,3240,874,3284,1601,1683,100,107,7,7498
1583,"398700","2003JJ00",17080,9082,7998,19343,9323,10141,-1.3,0.4,-3.3,88.3,97.4,78.9,4236,3370,866,3656,1619,2037,106,115,9,7998
1584,"398700","2004JJ00",17951,8919,9032,19520,9418,10223,0.9,1,0.8,92,94.7,88.4,4305,3451,854,4622,1621,3001,105,115,10,9032
1585,"398700","2005JJ00",18072,9444,8628,19454,9816,9727,-0.3,4.2,-4.8,92.9,96.2,88.7,4160,3361,799,4346,1628,2718,122,131,9,8628
1586,"398700","2006JJ00",20136,10502,9634,21010,10497,10617,8,6.9,9.2,95.8,100,90.7,4818,3826,992,4681,1662,3019,135,143,8,9634
1587,"398700","2007JJ00",21941,11626,10315,21059,10502,10664,0.2,0,0.4,104.2,110.7,96.7,4805,3924,881,5363,1700,3663,147,155,8,10315
1588,"398700","2008JJ00",21280,11202,10078,20751,10927,9845,-1.5,4.1,-7.7,102.6,102.5,102.4,4899,3954,945,5029,1712,3317,150,159,9,10078
1589,"398700","2009JJ00",21256,11125,10131,21015,11495,9541,1.3,5.2,-3.1,101.1,96.8,106.2,4938,3926,1012,5039,1761,3278,154,163,9,10131
1590,"398700","2010JJ00",20300,10870,9430,20300,10870,9430,-3.4,-5.4,-1.2,100,100,100,5094,4116,978,4187,1785,2402,149,157,8,9430
1591,"398700","2011JJ00",21409,11040,10369,20147,10544,9603,-0.8,-3,1.8,106.3,104.7,108,4682,3673,1009,5526,1640,3886,161,169,8,10369
1592,"398700","2012JJ00",22171,10340,11831,19895,10506,9392,-1.3,-0.4,-2.2,111.4,98.4,126,4734,3699,1035,6988,1565,5423,109,117,8,11831
1593,"398700","2013JJ00",19743,9554,10189,19691,10285,9384,-1,-2.1,-0.1,100.3,92.9,108.6,4910,3740,1170,5143,1538,3605,136,141,5,10189
1594,"398700","2014JJ00",20539,10433,10106,19300,10469,8865,-2,1.8,-5.5,106.4,99.7,114,4958,3665,1293,5004,1515,3489,144,149,5,10106
1595,"398700","2015JJ00",16964,9894,7070,19131,10787,8430,-0.9,3,-4.9,88.7,91.7,83.9,4883,3685,1198,2059,NA,NA,128,131,3,7070
1596,"400200","1995JJ00",2719,890,1829,3241,1186,2048,NA,NA,NA,83.9,75,89.3,1516,1289,227,307,126,181,6,7,1,1829
1597,"400200","1996JJ00",3303,1036,2267,3749,1401,2345,15.7,18.1,14.5,88.1,74,96.7,1703,1456,247,559,129,430,5,9,4,2267
1598,"400200","1997JJ00",3781,1101,2680,4094,1463,2612,9.2,4.4,11.4,92.4,75.3,102.6,1827,1579,248,851,132,719,2,10,8,2680
1599,"400200","1998JJ00",4348,1314,3034,4598,1694,2896,12.3,15.8,10.9,94.6,77.6,104.8,2053,1675,378,984,143,841,-3,8,11,3034
1600,"400200","1999JJ00",4671,1475,3196,4813,1836,2985,4.7,8.4,3.1,97.1,80.3,107.1,2207,1786,421,988,167,821,1,13,12,3196
1601,"400200","2000JJ00",5096,1696,3400,5008,2043,3007,4,11.3,0.7,101.8,83,113.1,2382,1924,458,1018,198,820,0,12,12,3400
1602,"400200","2001JJ00",5211,1852,3359,4933,2076,2915,-1.5,1.7,-3.1,105.6,89.2,115.2,2467,2033,434,891,226,665,1,15,14,3359
1603,"400200","2002JJ00",5100,1960,3140,4673,2003,2732,-5.3,-3.5,-6.3,109.1,97.8,114.9,2473,2022,451,666,247,419,1,16,15,3140
1604,"400200","2003JJ00",5213,1952,3261,4632,1907,2776,-0.9,-4.8,1.6,112.5,102.3,117.5,2575,2095,480,688,257,431,-2,13,15,3261
1605,"400200","2004JJ00",5431,1965,3466,4688,1912,2825,1.2,0.3,1.8,115.8,102.8,122.7,2661,2165,496,805,265,540,0,14,14,3466
1606,"400200","2005JJ00",5437,1952,3485,4728,1933,2846,0.8,1.1,0.7,115,101,122.5,2772,2276,496,709,267,442,4,14,10,3485
1607,"400200","2006JJ00",6091,1903,4188,5165,1961,3232,9.2,1.5,13.6,117.9,97,129.6,2959,2449,510,1221,266,955,8,16,8,4188
1608,"400200","2007JJ00",6437,1923,4514,5472,1991,3490,6,1.5,8,117.6,96.6,129.4,3192,2635,557,1313,277,1036,9,17,8,4514
1609,"400200","2008JJ00",6122,2144,3978,6022,2123,3891,10,6.6,11.5,101.7,101,102.2,3401,2800,601,568,291,277,9,18,9,3978
1610,"400200","2009JJ00",5827,2124,3703,5761,2051,3703,-4.3,-3.4,-4.8,101.1,103.6,100,3285,2727,558,409,318,91,9,20,11,3703
1611,"400200","2010JJ00",6020,1925,4095,6020,1925,4095,4.5,-6.1,10.6,100,100,100,3208,2634,574,878,344,534,9,21,12,4095
1612,"400200","2011JJ00",5964,2236,3728,6001,2010,3991,-0.3,4.4,-2.5,99.4,111.2,93.4,3335,2657,678,382,343,39,11,24,13,3728
1613,"400200","2012JJ00",5959,2276,3683,6087,2029,4060,1.4,0.9,1.7,97.9,112.2,90.7,3380,2683,697,291,347,-56,12,24,12,3683
1614,"400200","2013JJ00",6006,2167,3839,6293,1895,4448,3.4,-6.6,9.6,95.4,114.3,86.3,3442,2729,713,368,352,16,29,38,9,3839
1615,"400200","2014JJ00",6214,2245,3969,6598,1960,4699,4.8,3.4,5.7,94.2,114.5,84.5,3627,2754,873,308,358,-50,34,42,8,3969
1616,"400200","2015JJ00",6538,2246,4292,6876,1983,4978,4.2,1.2,5.9,95.1,113.3,86.2,3819,2950,869,449,NA,NA,24,31,7,4292
1617,"402000","1995JJ00",33121,12067,21054,49605,21120,26765,NA,NA,NA,66.8,57.1,78.7,1802,1380,422,18328,9177,9151,924,929,5,21054
1618,"402000","1996JJ00",35485,13008,22477,50982,22220,27135,2.8,5.2,1.4,69.6,58.5,82.8,1906,1450,456,19593,9859,9734,978,985,7,22477
1619,"402000","1997JJ00",38228,13682,24546,53067,23425,28035,4.1,5.4,3.3,72,58.4,87.6,2003,1556,447,21547,10527,11020,996,1002,6,24546
1620,"402000","1998JJ00",40723,14081,26642,54723,24760,28507,3.1,5.7,1.7,74.4,56.9,93.5,2270,1637,633,23312,11505,11807,1060,1066,6,26642
1621,"402000","1999JJ00",43307,15197,28110,56260,26359,28759,2.8,6.5,0.9,77,57.7,97.7,2491,1783,708,24517,12517,12000,1102,1110,8,28110
1622,"402000","2000JJ00",45860,15390,30470,57596,27550,29107,2.4,4.5,1.2,79.6,55.9,104.7,2768,1944,824,26514,13847,12667,1188,1196,8,30470
1623,"402000","2001JJ00",48088,22968,25120,58660,28406,29460,1.8,3.1,1.2,82,80.9,85.3,2843,2080,763,20961,15349,5612,1316,1330,14,25120
1624,"402000","2002JJ00",50800,24030,26770,60149,29881,29493,2.5,5.2,0.1,84.5,80.4,90.8,3059,2269,790,22316,16800,5516,1395,1409,14,26770
1625,"402000","2003JJ00",53219,23917,29302,61313,31290,29327,1.9,4.7,-0.6,86.8,76.4,99.9,3325,2397,928,24487,18058,6429,1490,1503,13,29302
1626,"402000","2004JJ00",56022,24384,31638,63056,32936,29583,2.8,5.3,0.9,88.8,74,106.9,3285,2453,832,26779,19150,7629,1574,1592,18,31638
1627,"402000","2005JJ00",58612,25875,32737,64678,34343,29956,2.6,4.3,1.3,90.6,75.3,109.3,3338,2523,815,27741,20230,7511,1658,1673,15,32737
1628,"402000","2006JJ00",61483,23428,38055,66306,35729,30350,2.5,4,1.3,92.7,65.6,125.4,3425,2622,803,33024,21578,11446,1606,1620,14,38055
1629,"402000","2007JJ00",63998,20770,43228,67405,36961,30518,1.7,3.4,0.6,94.9,56.2,141.6,3631,2772,859,37921,22769,15152,1676,1692,16,43228
1630,"402000","2008JJ00",66256,21587,44669,68454,37871,30861,1.6,2.5,1.1,96.8,57,144.7,3851,2927,924,39020,24180,14840,1798,1817,19,44669
1631,"402000","2009JJ00",67061,33892,33169,68027,37341,30784,-0.6,-1.4,-0.2,98.6,90.8,107.7,3861,2963,898,27357,25398,1959,1951,1981,30,33169
1632,"402000","2010JJ00",68660,37061,31599,68660,37061,31599,0.9,-0.7,2.6,100,100,100,3735,2831,904,25825,26104,-279,2039,2080,41,31599
1633,"402000","2011JJ00",69809,36404,33405,69173,37118,32055,0.7,0.2,1.4,100.9,98.1,104.2,3751,2849,902,27535,25331,2204,2119,2137,18,33405
1634,"402000","2012JJ00",70670,41620,29050,69274,36415,32814,0.1,-1.9,2.4,102,114.3,88.5,3731,2819,912,23122,24644,-1522,2197,2212,15,29050
1635,"402000","2013JJ00",72068,40895,31173,69292,35168,34445,0,-3.4,5,104,116.3,90.5,3685,2802,883,24630,24638,-8,2858,2866,8,31173
1636,"402000","2014JJ00",74725,40009,34716,70042,34537,36118,1.1,-1.8,4.9,106.7,115.8,96.1,3632,2730,902,27040,24485,2555,4044,4051,7,34716
1637,"402000","2015JJ00",76978,41293,35685,70920,34575,37047,1.3,0.1,2.6,108.5,119.4,96.3,3655,2798,857,28406,24322,4084,3624,3631,7,35685
1638,"402100","1995JJ00",33121,12067,21054,49605,21120,26765,NA,NA,NA,66.8,57.1,78.7,1802,1380,422,18328,9177,9151,924,929,5,21054
1639,"402100","1996JJ00",35485,13008,22477,50982,22220,27135,2.8,5.2,1.4,69.6,58.5,82.8,1906,1450,456,19593,9859,9734,978,985,7,22477
1640,"402100","1997JJ00",38228,13682,24546,53067,23425,28035,4.1,5.4,3.3,72,58.4,87.6,2003,1556,447,21547,10527,11020,996,1002,6,24546
1641,"402100","1998JJ00",40723,14081,26642,54723,24760,28507,3.1,5.7,1.7,74.4,56.9,93.5,2270,1637,633,23312,11505,11807,1060,1066,6,26642
1642,"402100","1999JJ00",43307,15197,28110,56260,26359,28759,2.8,6.5,0.9,77,57.7,97.7,2491,1783,708,24517,12517,12000,1102,1110,8,28110
1643,"402100","2000JJ00",45860,15390,30470,57596,27550,29107,2.4,4.5,1.2,79.6,55.9,104.7,2768,1944,824,26514,13847,12667,1188,1196,8,30470
1644,"402100","2001JJ00",48088,22968,25120,58660,28406,29460,1.8,3.1,1.2,82,80.9,85.3,2843,2080,763,20961,15349,5612,1316,1330,14,25120
1645,"402100","2002JJ00",50800,24030,26770,60149,29881,29493,2.5,5.2,0.1,84.5,80.4,90.8,3059,2269,790,22316,16800,5516,1395,1409,14,26770
1646,"402100","2003JJ00",53219,23917,29302,61313,31290,29327,1.9,4.7,-0.6,86.8,76.4,99.9,3325,2397,928,24487,18058,6429,1490,1503,13,29302
1647,"402100","2004JJ00",56022,24384,31638,63056,32936,29583,2.8,5.3,0.9,88.8,74,106.9,3285,2453,832,26779,19150,7629,1574,1592,18,31638
1648,"402100","2005JJ00",58612,25875,32737,64678,34343,29956,2.6,4.3,1.3,90.6,75.3,109.3,3338,2523,815,27741,20230,7511,1658,1673,15,32737
1649,"402100","2006JJ00",61483,23428,38055,66306,35729,30350,2.5,4,1.3,92.7,65.6,125.4,3425,2622,803,33024,21578,11446,1606,1620,14,38055
1650,"402100","2007JJ00",63998,20770,43228,67405,36961,30518,1.7,3.4,0.6,94.9,56.2,141.6,3631,2772,859,37921,22769,15152,1676,1692,16,43228
1651,"402100","2008JJ00",66256,21587,44669,68454,37871,30861,1.6,2.5,1.1,96.8,57,144.7,3851,2927,924,39020,24180,14840,1798,1817,19,44669
1652,"402100","2009JJ00",67061,33892,33169,68027,37341,30784,-0.6,-1.4,-0.2,98.6,90.8,107.7,3861,2963,898,27357,25398,1959,1951,1981,30,33169
1653,"402100","2010JJ00",68660,37061,31599,68660,37061,31599,0.9,-0.7,2.6,100,100,100,3735,2831,904,25825,26104,-279,2039,2080,41,31599
1654,"402100","2011JJ00",69809,36404,33405,69173,37118,32055,0.7,0.2,1.4,100.9,98.1,104.2,3751,2849,902,27535,25331,2204,2119,2137,18,33405
1655,"402100","2012JJ00",70670,41620,29050,69274,36415,32814,0.1,-1.9,2.4,102,114.3,88.5,3731,2819,912,23122,24644,-1522,2197,2212,15,29050
1656,"402100","2013JJ00",72068,40895,31173,69292,35168,34445,0,-3.4,5,104,116.3,90.5,3685,2802,883,24630,24638,-8,2858,2866,8,31173
1657,"402100","2014JJ00",74725,40009,34716,70042,34537,36118,1.1,-1.8,4.9,106.7,115.8,96.1,3632,2730,902,27040,24485,2555,4044,4051,7,34716
1658,"402100","2015JJ00",76978,41293,35685,70920,34575,37047,1.3,0.1,2.6,108.5,119.4,96.3,3655,2798,857,28406,NA,NA,3624,3631,7,35685
1659,"300010","1995JJ00",58506,26043,32463,86460,36152,50407,NA,NA,NA,67.7,72,64.4,21477,18735,2742,11336,3965,7371,-350,288,638,32463
1660,"300010","1996JJ00",65412,28955,36457,94475,39435,55156,9.3,9.1,9.4,69.2,73.4,66.1,23679,20646,3033,13165,4116,9049,-387,295,682,36457
1661,"300010","1997JJ00",71981,32055,39926,101852,43040,58879,7.8,9.1,6.8,70.7,74.5,67.8,26478,23076,3402,13955,4364,9591,-507,276,783,39926
1662,"300010","1998JJ00",78577,34957,43620,108242,46117,62159,6.3,7.2,5.6,72.6,75.8,70.2,29260,23550,5710,15039,4772,10267,-679,290,969,43620
1663,"300010","1999JJ00",86488,38336,48152,116268,49521,66784,7.4,7.4,7.4,74.4,77.4,72.1,32160,25741,6419,16737,5308,11429,-745,360,1105,48152
1664,"300010","2000JJ00",95487,43184,52303,123614,53924,69636,6.3,8.9,4.3,77.2,80.1,75.1,35892,28163,7729,17165,6002,11163,-754,408,1162,52303
1665,"300010","2001JJ00",103997,46487,57510,128474,55930,72496,3.9,3.7,4.1,80.9,83.1,79.3,38063,30431,7632,20266,6653,13613,-819,416,1235,57510
1666,"300010","2002JJ00",103645,46075,57570,123357,53495,69826,-4,-4.4,-3.7,84,86.1,82.4,38883,31104,7779,19511,7189,12322,-824,413,1237,57570
1667,"300010","2003JJ00",102938,45486,57452,119131,51399,67708,-3.4,-3.9,-3,86.4,88.5,84.9,39250,30994,8256,19079,7497,11582,-877,431,1308,57452
1668,"300010","2004JJ00",106000,47031,58969,119588,52070,67473,0.4,1.3,-0.3,88.6,90.3,87.4,39951,31599,8352,19945,7406,12539,-927,440,1367,58969
1669,"300010","2005JJ00",111757,49359,62398,123244,53365,69843,3.1,2.5,3.5,90.7,92.5,89.3,41347,33020,8327,21902,7975,13927,-851,486,1337,62398
1670,"300010","2006JJ00",120096,52245,67851,129289,55479,73790,4.9,4,5.7,92.9,94.2,92,44260,35705,8555,24478,8284,16194,-887,525,1412,67851
1671,"300010","2007JJ00",129194,55104,74090,134721,57134,77583,4.2,3,5.1,95.9,96.4,95.5,48548,39148,9400,26468,8771,17697,-926,531,1457,74090
1672,"300010","2008JJ00",137559,58380,79179,139813,58920,80892,3.8,3.1,4.3,98.4,99.1,97.9,52125,41873,10252,27973,9183,18790,-919,599,1518,79179
1673,"300010","2009JJ00",132691,55915,76776,133193,56328,76862,-4.7,-4.4,-5,99.6,99.3,99.9,50852,41142,9710,26978,9331,17647,-1054,656,1710,76776
1674,"300010","2010JJ00",131253,56019,75234,131253,56019,75234,-1.5,-0.5,-2.1,100,100,100,49479,39800,9679,26985,9278,17707,-1230,706,1936,75234
1675,"300010","2011JJ00",137447,59180,78267,136205,58528,77677,3.8,4.5,3.2,100.9,101.1,100.8,51360,41357,10003,28103,9182,18921,-1196,675,1871,78267
1676,"300010","2012JJ00",142834,64135,78699,141399,63149,78242,3.8,7.9,0.7,101,101.6,100.6,51995,41509,10486,27746,9323,18423,-1042,644,1686,78699
1677,"300010","2013JJ00",143021,63890,79131,140607,62616,77984,-0.6,-0.8,-0.3,101.7,102,101.5,52274,41861,10413,27667,9501,18166,-810,775,1585,79131
1678,"300010","2014JJ00",148842,65511,83331,146045,64281,81762,3.9,2.7,4.8,101.9,101.9,101.9,54010,42733,11277,30131,9575,20556,-810,839,1649,83331
1679,"300010","2015JJ00",157537,68410,89127,153298,66904,86392,5,4.1,5.7,102.8,102.3,103.2,56277,45178,11099,33579,9914,23665,-729,775,1504,89127
1680,"403300","1995JJ00",39201,18978,20223,58382,26382,32150,NA,NA,NA,67.1,71.9,62.9,13523,11737,1786,7206,2065,5141,-506,82,588,20223
1681,"403300","1996JJ00",43097,21032,22065,62679,28644,34150,7.4,8.6,6.2,68.8,73.4,64.6,14425,12539,1886,8144,2137,6007,-504,80,584,22065
1682,"403300","1997JJ00",47139,23045,24094,67211,30943,36361,7.2,8,6.5,70.1,74.5,66.3,15957,13803,2154,8692,2246,6446,-555,81,636,24094
1683,"403300","1998JJ00",50206,24884,25322,69608,32761,36854,3.6,5.9,1.4,72.1,76,68.7,17320,13807,3513,8687,2436,6251,-685,67,752,25322
1684,"403300","1999JJ00",55080,27021,28059,74450,34845,39634,7,6.4,7.5,74,77.5,70.8,19091,15179,3912,9715,2676,7039,-747,107,854,28059
1685,"403300","2000JJ00",61113,30405,30708,79826,38023,41771,7.2,9.1,5.4,76.6,80,73.5,21786,17004,4782,9716,2985,6731,-794,115,909,30708
1686,"403300","2001JJ00",66720,32840,33880,83081,39516,43537,4.1,3.9,4.2,80.3,83.1,77.8,23538,18743,4795,11170,3284,7886,-828,124,952,33880
1687,"403300","2002JJ00",66867,32294,34573,79832,37497,42340,-3.9,-5.1,-2.7,83.8,86.1,81.7,24546,19501,5045,10830,3550,7280,-803,125,928,34573
1688,"403300","2003JJ00",66731,32010,34721,77178,36091,41101,-3.3,-3.7,-2.9,86.5,88.7,84.5,25131,19649,5482,10471,3719,6752,-881,125,1006,34721
1689,"403300","2004JJ00",68895,33117,35778,77216,36471,40741,0,1.1,-0.9,89.2,90.8,87.8,25437,19929,5508,11224,3835,7389,-883,126,1009,35778
1690,"403300","2005JJ00",72402,34741,37661,78990,37383,41600,2.3,2.5,2.1,91.7,92.9,90.5,25902,20459,5443,12644,3955,8689,-885,133,1018,37661
1691,"403300","2006JJ00",77040,36608,40432,82090,38667,43420,3.9,3.4,4.4,93.8,94.7,93.1,27116,21590,5526,14281,4130,10151,-965,140,1105,40432
1692,"403300","2007JJ00",81613,38233,43380,84086,39375,44712,2.4,1.8,3,97.1,97.1,97,28961,23049,5912,15412,4375,11037,-993,148,1141,43380
1693,"403300","2008JJ00",86586,40289,46297,87014,40534,46482,3.5,2.9,4,99.5,99.4,99.6,31168,24737,6431,16172,4631,11541,-1043,150,1193,46297
1694,"403300","2009JJ00",84238,38961,45277,84170,39058,45113,-3.3,-3.6,-2.9,100.1,99.8,100.4,31492,25207,6285,14954,4868,10086,-1169,159,1328,45277
1695,"403300","2010JJ00",82941,38318,44623,82941,38318,44623,-1.5,-1.9,-1.1,100,100,100,30154,24017,6137,15848,5054,10794,-1379,164,1543,44623
1696,"403300","2011JJ00",86511,40417,46094,86014,40066,45948,3.7,4.6,3,100.6,100.9,100.3,30855,24635,6220,16576,5144,11432,-1337,171,1508,46094
1697,"403300","2012JJ00",90527,44929,45598,90556,44570,45973,5.3,11.2,0.1,100,100.8,99.2,31357,24782,6575,15488,5263,10225,-1247,138,1385,45598
1698,"403300","2013JJ00",90256,45274,44982,90170,44793,45357,-0.4,0.5,-1.3,100.1,101.1,99.2,31360,24930,6430,14639,5408,9231,-1017,286,1303,44982
1699,"403300","2014JJ00",92933,46014,46919,92924,45626,47288,3.1,1.9,4.3,100,100.9,99.2,32083,25096,6987,15921,5513,10408,-1085,308,1393,46919
1700,"403300","2015JJ00",96114,47156,48958,95446,46613,48826,2.7,2.2,3.3,100.7,101.2,100.3,32316,25832,6484,17702,NA,NA,-1060,229,1289,48958
1701,"403405","1995JJ00",29130,13135,15995,44202,18514,25799,NA,NA,NA,65.9,70.9,62,11162,9629,1533,4814,943,3871,19,60,41,15995
1702,"403405","1996JJ00",32097,14563,17534,47507,20104,27492,7.5,8.6,6.6,67.6,72.4,63.8,11888,10267,1621,5648,978,4670,-2,62,64,17534
1703,"403405","1997JJ00",35468,16072,19396,51480,21857,29709,8.4,8.7,8.1,68.9,73.5,65.3,13173,11291,1882,6234,1045,5189,-11,63,74,19396
1704,"403405","1998JJ00",37584,17296,20288,53020,23045,29997,3,5.4,1,70.9,75.1,67.6,14285,11247,3038,6056,1167,4889,-53,53,106,20288
1705,"403405","1999JJ00",41426,18803,22623,56913,24614,32337,7.3,6.8,7.8,72.8,76.4,70,15714,12343,3371,6937,1318,5619,-28,79,107,22623
1706,"403405","2000JJ00",46093,21226,24867,61058,26936,34113,7.3,9.4,5.5,75.5,78.8,72.9,18042,13881,4161,6848,1506,5342,-23,85,108,24867
1707,"403405","2001JJ00",50937,23251,27686,64259,28344,35906,5.2,5.2,5.3,79.3,82,77.1,19629,15423,4206,8094,1694,6400,-37,91,128,27686
1708,"403405","2002JJ00",50963,22803,28160,61464,26758,34721,-4.3,-5.6,-3.3,82.9,85.2,81.1,20377,16051,4326,7825,1865,5960,-42,93,135,28160
1709,"403405","2003JJ00",51163,22690,28473,59681,25806,33897,-2.9,-3.6,-2.4,85.7,87.9,84,20901,16210,4691,7612,1970,5642,-40,91,131,28473
1710,"403405","2004JJ00",52549,23458,29091,59213,25977,33241,-0.8,0.7,-1.9,88.7,90.3,87.5,21105,16391,4714,8051,2043,6008,-65,93,158,29091
1711,"403405","2005JJ00",55608,24865,30743,60679,26813,33865,2.5,3.2,1.9,91.6,92.7,90.8,21598,16915,4683,9196,2109,7087,-51,99,150,30743
1712,"403405","2006JJ00",59588,26453,33135,63432,27963,35469,4.5,4.3,4.7,93.9,94.6,93.4,22674,17905,4769,10503,2208,8295,-42,103,145,33135
1713,"403405","2007JJ00",63535,27918,35617,65165,28717,36448,2.7,2.7,2.8,97.5,97.2,97.7,24258,19143,5115,11404,2362,9042,-45,110,155,35617
1714,"403405","2008JJ00",67697,29689,38008,67752,29857,37895,4,4,4,99.9,99.4,100.3,26161,20596,5565,11905,2507,9398,-58,112,170,38008
1715,"403405","2009JJ00",66069,28905,37164,65881,28935,36946,-2.8,-3.1,-2.5,100.3,99.9,100.6,26372,20961,5411,10885,2647,8238,-93,117,210,37164
1716,"403405","2010JJ00",64489,28345,36144,64489,28345,36144,-2.1,-2,-2.2,100,100,100,25098,19832,5266,11150,2767,8383,-104,121,225,36144
1717,"403405","2011JJ00",67942,30394,37548,67463,30154,37309,4.6,6.4,3.2,100.7,100.8,100.6,25718,20383,5335,11916,2807,9109,-86,133,219,37548
1718,"403405","2012JJ00",71823,34776,37047,71812,34600,37209,6.4,14.7,-0.3,100,100.5,99.6,26185,20565,5620,10933,2881,8052,-71,105,176,37047
1719,"403405","2013JJ00",71608,35338,36270,71443,35063,36370,-0.5,1.3,-2.3,100.2,100.8,99.7,26167,20684,5483,10022,2992,7030,81,245,164,36270
1720,"403405","2014JJ00",74295,36103,38192,74414,35941,38469,4.2,2.5,5.8,99.8,100.4,99.3,26639,20861,5778,11480,3078,8402,73,268,195,38192
1721,"403405","2015JJ00",76877,36961,39916,76593,36694,39898,2.9,2.1,3.7,100.4,100.7,100,26803,21408,5395,13110,NA,NA,3,181,178,39916
1722,"900009","1995JJ00",22647,10570,12077,34937,14835,20180,NA,NA,NA,64.8,71.2,59.8,8485,7307,1178,3575,567,3008,17,44,27,12077
1723,"900009","1996JJ00",24845,11564,13281,37419,15908,21591,7.1,7.2,7,66.4,72.7,61.5,9004,7763,1241,4276,592,3684,1,44,43,13281
1724,"900009","1997JJ00",27755,12837,14918,40898,17399,23585,9.3,9.4,9.2,67.9,73.8,63.3,10094,8593,1501,4830,637,4193,-6,45,51,14918
1725,"900009","1998JJ00",29158,13657,15501,41694,18135,23580,1.9,4.2,0,69.9,75.3,65.7,10870,8497,2373,4664,718,3946,-33,37,70,15501
1726,"900009","1999JJ00",32160,14706,17454,44715,19204,25570,7.2,5.9,8.4,71.9,76.6,68.3,11971,9320,2651,5501,827,4674,-18,58,76,17454
1727,"900009","2000JJ00",35937,16663,19274,48137,21126,27018,7.7,10,5.7,74.7,78.9,71.3,13888,10592,3296,5403,969,4434,-17,60,77,19274
1728,"900009","2001JJ00",39792,18241,21551,50564,22173,28401,5,5,5.1,78.7,82.3,75.9,15207,11848,3359,6368,1109,5259,-24,66,90,21551
1729,"900009","2002JJ00",39723,17765,21958,48211,20775,27476,-4.7,-6.3,-3.3,82.4,85.5,79.9,16070,12487,3583,5913,1230,4683,-25,67,92,21958
1730,"900009","2003JJ00",40054,17883,22171,46900,20228,26710,-2.7,-2.6,-2.8,85.4,88.4,83,16260,12490,3770,5934,1304,4630,-23,67,90,22171
1731,"900009","2004JJ00",41201,18580,22621,46351,20409,25952,-1.2,0.9,-2.8,88.9,91,87.2,16439,12678,3761,6213,1356,4857,-31,68,99,22621
1732,"900009","2005JJ00",43515,19699,23816,47259,21045,26214,2,3.1,1,92.1,93.6,90.9,16811,13044,3767,7024,1408,5616,-19,73,92,23816
1733,"900009","2006JJ00",46348,20875,25473,49197,21882,27315,4.1,4,4.2,94.2,95.4,93.3,17624,13807,3817,7862,1486,6376,-13,76,89,25473
1734,"900009","2007JJ00",49193,21928,27265,50234,22349,27886,2.1,2.1,2.1,97.9,98.1,97.8,18779,14679,4100,8500,1605,6895,-14,80,94,27265
1735,"900009","2008JJ00",51992,23239,28753,51976,23227,28748,3.5,3.9,3.1,100,100,100,20191,15715,4476,8585,1709,6876,-23,81,104,28753
1736,"900009","2009JJ00",50664,22549,28115,50524,22496,28028,-2.8,-3.1,-2.5,100.3,100.2,100.3,20302,15958,4344,7851,1791,6060,-38,84,122,28115
1737,"900009","2010JJ00",49436,22010,27426,49436,22010,27426,-2.2,-2.2,-2.1,100,100,100,19125,14945,4180,8344,1862,6482,-43,86,129,27426
1738,"900009","2011JJ00",52932,24142,28790,52509,23964,28545,6.2,8.9,4.1,100.8,100.7,100.9,19736,15505,4231,9076,1875,7201,-22,99,121,28790
1739,"900009","2012JJ00",57184,28562,28622,57208,28470,28741,8.9,18.8,0.7,100,100.3,99.6,20066,15631,4435,8573,1926,6647,-17,79,96,28622
1740,"900009","2013JJ00",56792,29030,27762,56673,28862,27808,-0.9,1.4,-3.2,100.2,100.6,99.8,19904,15621,4283,7737,1996,5741,121,216,95,27762
1741,"900009","2014JJ00",59093,29739,29354,59292,29684,29609,4.6,2.8,6.5,99.7,100.2,99.1,20210,15708,4502,9021,2042,6979,123,239,116,29354
1742,"900009","2015JJ00",61013,30388,30625,60801,30216,30590,2.5,1.8,3.3,100.3,100.6,100.1,20482,16285,4197,10088,NA,NA,55,158,103,30625
1743,"403400","1995JJ00",7037,2400,4637,11438,3258,8233,NA,NA,NA,61.5,73.7,56.3,2959,2588,371,1660,218,1442,18,21,3,4637
1744,"403400","1996JJ00",7686,2625,5061,12244,3507,8787,7,7.7,6.7,62.8,74.8,57.6,3144,2749,395,1900,224,1676,17,20,3,5061
1745,"403400","1997JJ00",8595,2927,5668,13386,3864,9568,9.3,10.2,8.9,64.2,75.7,59.2,3599,3042,557,2050,237,1813,19,23,4,5668
1746,"403400","1998JJ00",9136,3123,6013,13786,4052,9762,3,4.9,2,66.3,77.1,61.6,3890,3009,881,2114,262,1852,9,18,9,6013
1747,"403400","1999JJ00",10111,3357,6754,14862,4290,10621,7.8,5.9,8.8,68,78.2,63.6,4283,3299,984,2453,299,2154,18,28,10,6754
1748,"403400","2000JJ00",11300,3778,7522,15966,4681,11321,7.4,9.1,6.6,70.8,80.7,66.4,4974,3751,1223,2528,347,2181,20,30,10,7522
1749,"403400","2001JJ00",12568,4121,8447,16859,4914,11989,5.6,5,5.9,74.5,83.9,70.5,5441,4194,1247,2986,392,2594,20,32,12,8447
1750,"403400","2002JJ00",12453,3965,8488,15549,4574,11007,-7.8,-6.9,-8.2,80.1,86.7,77.1,5762,4409,1353,2708,429,2279,18,32,14,8488
1751,"403400","2003JJ00",12881,4145,8736,15440,4626,10836,-0.7,1.1,-1.6,83.4,89.6,80.6,6026,4561,1465,2694,450,2244,16,32,16,8736
1752,"403400","2004JJ00",13203,4233,8970,15104,4623,10492,-2.2,-0.1,-3.2,87.4,91.6,85.5,6106,4629,1477,2854,464,2390,10,32,22,8970
1753,"403400","2005JJ00",13484,4422,9062,14865,4713,10152,-1.6,1.9,-3.2,90.7,93.8,89.3,6125,4700,1425,2921,475,2446,16,37,21,9062
1754,"403400","2006JJ00",14184,4628,9556,15338,4855,10483,3.2,3,3.3,92.5,95.3,91.2,6414,4977,1437,3126,493,2633,16,37,21,9556
1755,"403400","2007JJ00",15270,4875,10395,15818,4989,10830,3.1,2.7,3.3,96.5,97.7,96,7016,5420,1596,3361,527,2834,18,39,21,10395
1756,"403400","2008JJ00",16102,5151,10951,16327,5162,11166,3.2,3.5,3.1,98.6,99.8,98.1,7487,5758,1729,3448,560,2888,16,39,23,10951
1757,"403400","2009JJ00",15764,5061,10703,15909,5035,10874,-2.6,-2.4,-2.6,99.1,100.5,98.4,7512,5838,1674,3174,584,2590,17,41,24,10703
1758,"403400","2010JJ00",15454,4907,10547,15454,4907,10547,-2.9,-2.5,-3,100,100,100,7492,5776,1716,3039,603,2436,16,41,25,10547
1759,"403400","2011JJ00",15650,5053,10597,15362,5023,10339,-0.6,2.4,-2,101.9,100.6,102.5,7517,5813,1704,3061,608,2453,19,41,22,10597
1760,"403400","2012JJ00",15694,5086,10608,15372,5072,10301,0.1,1,-0.4,102.1,100.3,103,7560,5801,1759,3032,615,2417,16,32,16,10608
1761,"403400","2013JJ00",15446,5006,10440,15081,4990,10092,-1.9,-1.6,-2,102.4,100.3,103.4,7547,5833,1714,2886,615,2271,7,35,28,10440
1762,"403400","2014JJ00",15351,4870,10481,15079,4882,10195,0,-2.2,1,101.8,99.7,102.8,7333,5635,1698,3131,606,2525,17,47,30,10481
1763,"403400","2015JJ00",15700,4944,10756,15348,4956,10389,1.8,1.5,1.9,102.3,99.7,103.5,7269,5671,1598,3474,NA,NA,13,40,27,10756
1764,"404900","1995JJ00",15610,8170,7440,23517,11580,11973,NA,NA,NA,66.4,70.6,62.1,5526,4719,807,1915,349,1566,-1,23,24,7440
1765,"404900","1996JJ00",17159,8939,8220,25193,12402,12831,7.1,7.1,7.2,68.1,72.1,64.1,5860,5014,846,2376,368,2008,-16,24,40,8220
1766,"404900","1997JJ00",19160,9910,9250,27532,13535,14042,9.3,9.1,9.4,69.6,73.2,65.9,6495,5551,944,2780,400,2380,-25,22,47,9250
1767,"404900","1998JJ00",20022,10534,9488,27939,14083,13863,1.5,4,-1.3,71.7,74.8,68.4,6980,5488,1492,2550,456,2094,-42,19,61,9488
1768,"404900","1999JJ00",22049,11349,10700,29892,14913,15001,7,5.9,8.2,73.8,76.1,71.3,7688,6021,1667,3048,528,2520,-36,30,66,10700
1769,"404900","2000JJ00",24637,12885,11752,32211,16445,15764,7.8,10.3,5.1,76.5,78.3,74.6,8914,6841,2073,2875,622,2253,-37,30,67,11752
1770,"404900","2001JJ00",27224,14120,13104,33753,17260,16491,4.8,5,4.6,80.7,81.8,79.5,9766,7654,2112,3382,717,2665,-44,34,78,13104
1771,"404900","2002JJ00",27270,13800,13470,32669,16202,16478,-3.2,-6.1,-0.1,83.5,85.2,81.7,10308,8078,2230,3205,801,2404,-43,35,78,13470
1772,"404900","2003JJ00",27173,13738,13435,31479,15600,15891,-3.6,-3.7,-3.6,86.3,88.1,84.5,10234,7929,2305,3240,854,2386,-39,35,74,13435
1773,"404900","2004JJ00",27998,14347,13651,31260,15785,15474,-0.7,1.2,-2.6,89.6,90.9,88.2,10333,8049,2284,3359,892,2467,-41,36,77,13651
1774,"404900","2005JJ00",30031,15277,14754,32394,16332,16063,3.6,3.5,3.8,92.7,93.5,91.9,10686,8344,2342,4103,933,3170,-35,36,71,14754
1775,"404900","2006JJ00",32164,16247,15917,33857,17027,16831,4.5,4.3,4.8,95,95.4,94.6,11210,8830,2380,4736,993,3743,-29,39,68,15917
1776,"404900","2007JJ00",33923,17053,16870,34418,17360,17059,1.7,2,1.4,98.6,98.2,98.9,11763,9259,2504,5139,1078,4061,-32,41,73,16870
1777,"404900","2008JJ00",35890,18088,17802,35650,18066,17586,3.6,4.1,3.1,100.7,100.1,101.2,12704,9957,2747,5137,1149,3988,-39,42,81,17802
1778,"404900","2009JJ00",34900,17488,17412,34617,17460,17157,-2.9,-3.4,-2.4,100.8,100.2,101.5,12790,10120,2670,4677,1207,3470,-55,43,98,17412
1779,"404900","2010JJ00",33982,17103,16879,33982,17103,16879,-1.8,-2,-1.6,100,100,100,11633,9169,2464,5305,1259,4046,-59,45,104,16879
1780,"404900","2011JJ00",37282,19089,18193,37147,18941,18206,9.3,10.7,7.9,100.4,100.8,99.9,12219,9692,2527,6015,1267,4748,-41,58,99,18193
1781,"404900","2012JJ00",41490,23476,18014,41857,23396,18443,12.7,23.5,1.3,99.1,100.3,97.7,12506,9830,2676,5541,1311,4230,-33,47,80,18014
1782,"404900","2013JJ00",41346,24024,17322,41617,23871,17712,-0.6,2,-4,99.3,100.6,97.8,12357,9788,2569,4851,1381,3470,114,181,67,17322
1783,"404900","2014JJ00",43742,24869,18873,44261,24800,19442,6.4,3.9,9.8,98.8,100.3,97.1,12877,10073,2804,5890,1436,4454,106,192,86,18873
1784,"404900","2015JJ00",45313,25444,19869,45506,25256,20238,2.8,1.8,4.1,99.6,100.7,98.2,13213,10614,2599,6614,NA,NA,42,118,76,19869
1785,"405900","1995JJ00",6483,2565,3918,9268,3668,5604,NA,NA,NA,69.9,69.9,69.9,2677,2322,355,1239,376,863,2,16,14,3918
1786,"405900","1996JJ00",7252,2999,4253,10082,4189,5897,8.8,14.2,5.2,71.9,71.6,72.1,2884,2504,380,1372,386,986,-3,18,21,4253
1787,"405900","1997JJ00",7713,3235,4478,10602,4449,6158,5.2,6.2,4.4,72.8,72.7,72.7,3079,2698,381,1404,408,996,-5,18,23,4478
1788,"405900","1998JJ00",8426,3639,4787,11318,4902,6420,6.8,10.2,4.3,74.4,74.2,74.6,3415,2750,665,1392,449,943,-20,16,36,4787
1789,"405900","1999JJ00",9266,4097,5169,12187,5405,6788,7.7,10.3,5.7,76,75.8,76.2,3743,3023,720,1436,491,945,-10,21,31,5169
1790,"405900","2000JJ00",10156,4563,5593,12918,5803,7121,6,7.4,4.9,78.6,78.6,78.5,4154,3289,865,1445,537,908,-6,25,31,5593
1791,"405900","2001JJ00",11145,5010,6135,13686,6163,7530,5.9,6.2,5.7,81.4,81.3,81.5,4422,3575,847,1726,585,1141,-13,25,38,6135
1792,"405900","2002JJ00",11240,5038,6202,13240,5978,7270,-3.3,-3,-3.5,84.9,84.3,85.3,4307,3564,743,1912,635,1277,-17,26,43,6202
1793,"405900","2003JJ00",11109,4807,6302,12770,5571,7204,-3.5,-6.8,-0.9,87,86.3,87.5,4641,3720,921,1678,666,1012,-17,24,41,6302
1794,"405900","2004JJ00",11348,4878,6470,12849,5559,7293,0.6,-0.2,1.2,88.3,87.7,88.7,4666,3713,953,1838,687,1151,-34,25,59,6470
1795,"405900","2005JJ00",12093,5166,6927,13408,5760,7652,4.4,3.6,4.9,90.2,89.7,90.5,4787,3871,916,2172,701,1471,-32,26,58,6927
1796,"405900","2006JJ00",13240,5578,7662,14226,6075,8154,6.1,5.5,6.6,93.1,91.8,94,5050,4098,952,2641,722,1919,-29,27,56,7662
1797,"405900","2007JJ00",14342,5990,8352,14926,6367,8562,4.9,4.8,5,96.1,94.1,97.5,5479,4464,1015,2904,757,2147,-31,30,61,8352
1798,"405900","2008JJ00",15705,6450,9255,15776,6628,9147,5.7,4.1,6.8,99.6,97.3,101.2,5970,4881,1089,3320,798,2522,-35,31,66,9255
1799,"405900","2009JJ00",15405,6356,9049,15357,6438,8918,-2.7,-2.9,-2.5,100.3,98.7,101.5,6070,5003,1067,3034,856,2178,-55,33,88,9049
1800,"405900","2010JJ00",15053,6335,8718,15053,6335,8718,-2,-1.6,-2.2,100,100,100,5973,4887,1086,2806,905,1901,-61,35,96,8718
1801,"405900","2011JJ00",15010,6252,8758,14954,6190,8764,-0.7,-2.3,0.5,100.4,101,99.9,5982,4878,1104,2840,932,1908,-64,34,98,8758
1802,"405900","2012JJ00",14639,6214,8425,14598,6133,8465,-2.4,-0.9,-3.4,100.3,101.3,99.5,6119,4934,1185,2360,955,1405,-54,26,80,8425
1803,"405900","2013JJ00",14816,6308,8508,14764,6204,8559,1.1,1.2,1.1,100.4,101.7,99.4,6263,5063,1200,2285,996,1289,-40,29,69,8508
1804,"405900","2014JJ00",15202,6364,8838,15116,6261,8856,2.4,0.9,3.5,100.6,101.7,99.8,6429,5153,1276,2459,1036,1423,-50,29,79,8838
1805,"405900","2015JJ00",15864,6573,9291,15783,6481,9304,4.4,3.5,5.1,100.5,101.4,99.9,6321,5123,1198,3022,NA,NA,-52,23,75,9291
1806,"406800","1995JJ00",2309,1080,1229,3403,1409,2019,NA,NA,NA,67.8,76.6,60.9,858,782,76,892,849,43,-521,10,531,1229
1807,"406800","1996JJ00",2405,1136,1269,3454,1467,2002,1.5,4.1,-0.8,69.6,77.4,63.4,892,816,76,875,884,-9,-498,7,505,1269
1808,"406800","1997JJ00",2587,1221,1366,3647,1558,2103,5.6,6.3,5,70.9,78.3,64.9,1003,930,73,902,915,-13,-539,6,545,1366
1809,"406800","1998JJ00",2733,1289,1444,3759,1630,2139,3.1,4.6,1.7,72.7,79.1,67.5,1075,942,133,966,957,9,-597,6,603,1444
1810,"406800","1999JJ00",3024,1392,1632,4065,1736,2345,8.2,6.5,9.6,74.4,80.2,69.6,1227,1066,161,1097,1014,83,-692,13,705,1632
1811,"406800","2000JJ00",3265,1530,1735,4221,1826,2408,3.8,5.2,2.7,77.3,83.8,72.1,1268,1120,148,1218,1098,120,-751,13,764,1735
1812,"406800","2001JJ00",3421,1637,1784,4219,1904,2315,-0.1,4.2,-3.9,81.1,86,77.1,1341,1215,126,1220,1178,42,-777,13,790,1784
1813,"406800","2002JJ00",3479,1623,1856,4121,1851,2271,-2.3,-2.7,-1.9,84.4,87.7,81.7,1467,1241,226,1132,1246,-114,-743,13,756,1856
1814,"406800","2003JJ00",3631,1695,1936,4184,1892,2292,1.5,2.2,0.9,86.8,89.6,84.5,1574,1291,283,1176,1293,-117,-814,14,828,1936
1815,"406800","2004JJ00",3768,1761,2007,4261,1929,2332,1.8,1.9,1.8,88.4,91.3,86.1,1603,1330,273,1186,1324,-138,-782,14,796,2007
1816,"406800","2005JJ00",3888,1842,2046,4308,1962,2345,1.1,1.7,0.5,90.3,93.9,87.3,1546,1284,262,1299,1361,-62,-799,15,814,2046
1817,"406800","2006JJ00",4137,1942,2195,4468,2025,2443,3.7,3.2,4.2,92.6,95.9,89.8,1626,1353,273,1467,1414,53,-898,16,914,2195
1818,"406800","2007JJ00",4281,2044,2237,4522,2080,2440,1.2,2.7,-0.1,94.7,98.3,91.7,1750,1464,286,1403,1465,-62,-916,18,934,2237
1819,"406800","2008JJ00",4440,2118,2322,4545,2089,2453,0.5,0.4,0.5,97.7,101.4,94.7,1858,1553,305,1410,1532,-122,-946,18,964,2322
1820,"406800","2009JJ00",4501,2037,2464,4510,2041,2469,-0.8,-2.3,0.6,99.8,99.8,99.8,2011,1659,352,1479,1600,-121,-1026,18,1044,2464
1821,"406800","2010JJ00",4594,2068,2526,4594,2068,2526,1.9,1.3,2.3,100,100,100,1945,1613,332,1805,1648,157,-1224,20,1244,2526
1822,"406800","2011JJ00",4394,1995,2399,4349,1952,2397,-5.3,-5.6,-5.1,101,102.2,100.1,2059,1713,346,1538,1691,-153,-1198,16,1214,2399
1823,"406800","2012JJ00",4406,2027,2379,4333,1949,2384,-0.4,-0.2,-0.5,101.7,104,99.8,2041,1660,381,1483,1723,-240,-1145,15,1160,2379
1824,"406800","2013JJ00",4583,1955,2628,4487,1881,2611,3.5,-3.5,9.5,102.1,103.9,100.6,2121,1734,387,1579,1747,-168,-1072,19,1091,2628
1825,"406800","2014JJ00",4572,1891,2681,4437,1828,2615,-1.1,-2.8,0.2,103.1,103.5,102.5,2399,1767,632,1424,1764,-340,-1142,21,1163,2681
1826,"406800","2015JJ00",4730,1915,2815,4535,1864,2678,2.2,2,2.4,104.3,102.8,105.1,2443,1911,532,1416,NA,NA,-1044,22,1066,2815
1827,"408105","1995JJ00",7762,4763,2999,10745,6441,4316,NA,NA,NA,72.2,74,69.5,1503,1326,177,1500,273,1227,-4,12,16,2999
1828,"408105","1996JJ00",8595,5333,3262,11677,7056,4629,8.7,9.6,7.3,73.6,75.6,70.5,1645,1456,189,1621,275,1346,-4,11,15,3262
1829,"408105","1997JJ00",9084,5752,3332,12080,7515,4558,3.5,6.5,-1.5,75.2,76.5,73.1,1781,1582,199,1556,286,1270,-5,12,17,3332
1830,"408105","1998JJ00",9889,6299,3590,12800,8070,4717,6,7.4,3.5,77.3,78.1,76.1,1960,1618,342,1665,312,1353,-35,8,43,3590
1831,"408105","1999JJ00",10630,6826,3804,13460,8481,4965,5.2,5.1,5.3,79,80.5,76.6,2150,1770,380,1681,344,1337,-27,15,42,3804
1832,"408105","2000JJ00",11755,7649,4106,14529,9249,5260,7.9,9.1,5.9,80.9,82.7,78.1,2476,2003,473,1650,381,1269,-20,17,37,4106
1833,"408105","2001JJ00",12362,7952,4410,14625,9274,5335,0.7,0.3,1.4,84.5,85.7,82.7,2568,2105,463,1856,412,1444,-14,20,34,4410
1834,"408105","2002JJ00",12425,7868,4557,14252,8886,5355,-2.5,-4.2,0.4,87.2,88.5,85.1,2702,2209,493,1873,439,1434,-18,19,37,4557
1835,"408105","2003JJ00",11937,7625,4312,13338,8394,4931,-6.4,-5.5,-7.9,89.5,90.8,87.4,2656,2148,508,1683,456,1227,-27,20,47,4312
1836,"408105","2004JJ00",12578,7898,4680,13748,8563,5175,3.1,2,4.9,91.5,92.2,90.4,2729,2208,521,1987,468,1519,-36,19,55,4680
1837,"408105","2005JJ00",12906,8034,4872,14011,8610,5392,1.9,0.5,4.2,92.1,93.3,90.3,2758,2260,498,2149,485,1664,-35,19,54,4872
1838,"408105","2006JJ00",13315,8213,5102,14200,8683,5510,1.3,0.8,2.2,93.8,94.6,92.6,2816,2332,484,2311,508,1803,-25,21,46,5102
1839,"408105","2007JJ00",13797,8271,5526,14407,8581,5824,1.5,-1.2,5.7,95.8,96.4,94.9,2953,2442,511,2605,548,2057,-32,20,52,5526
1840,"408105","2008JJ00",14449,8482,5967,14720,8590,6131,2.2,0.1,5.3,98.2,98.7,97.3,3149,2588,561,2857,592,2265,-39,20,59,5967
1841,"408105","2009JJ00",13668,8019,5649,13775,8082,5693,-6.4,-5.9,-7.1,99.2,99.2,99.2,3109,2587,522,2590,621,1969,-50,24,74,5649
1842,"408105","2010JJ00",13858,7905,5953,13858,7905,5953,0.6,-2.2,4.6,100,100,100,3111,2572,539,2893,639,2254,-51,23,74,5953
1843,"408105","2011JJ00",14175,8028,6147,14202,7960,6242,2.5,0.7,4.9,99.8,100.9,98.5,3078,2539,539,3122,646,2476,-53,22,75,6147
1844,"408105","2012JJ00",14298,8126,6172,14406,8024,6383,1.4,0.8,2.3,99.2,101.3,96.7,3131,2557,574,3072,659,2413,-31,18,49,6172
1845,"408105","2013JJ00",14065,7981,6084,14232,7857,6380,-1.2,-2.1,0,98.8,101.6,95.4,3072,2512,560,3038,669,2369,-26,22,48,6084
1846,"408105","2014JJ00",14066,8020,6046,14060,7868,6189,-1.2,0.2,-3,100,101.9,97.7,3045,2468,577,3017,671,2346,-16,19,35,6046
1847,"408105","2015JJ00",14507,8280,6227,14306,8068,6233,1.7,2.5,0.7,101.4,102.6,99.9,3070,2513,557,3176,NA,NA,-19,26,45,6227
1848,"800023","1995JJ00",2567,1300,1267,3606,1747,1882,NA,NA,NA,71.2,74.4,67.3,580,513,67,698,135,563,-11,4,15,1267
1849,"800023","1996JJ00",2973,1532,1441,4088,2032,2076,13.4,16.3,10.3,72.7,75.4,69.4,619,551,68,830,136,694,-8,3,11,1441
1850,"800023","1997JJ00",3193,1793,1400,4298,2331,1972,5.1,14.7,-5,74.3,76.9,71,644,573,71,763,143,620,-7,4,11,1400
1851,"800023","1998JJ00",3490,2021,1469,4567,2571,1994,6.3,10.3,1.1,76.4,78.6,73.7,721,599,122,779,157,622,-31,2,33,1469
1852,"800023","1999JJ00",3880,2309,1571,4953,2845,2102,8.5,10.6,5.4,78.3,81.2,74.7,782,650,132,813,173,640,-24,8,32,1571
1853,"800023","2000JJ00",4297,2690,1607,5359,3218,2122,8.2,13.1,1,80.2,83.6,75.7,875,719,156,749,191,558,-17,9,26,1607
1854,"800023","2001JJ00",4775,2964,1811,5686,3393,2275,6.1,5.4,7.2,84,87.4,79.6,900,753,147,922,207,715,-11,11,22,1811
1855,"800023","2002JJ00",4659,2863,1796,5380,3187,2179,-5.4,-6.1,-4.3,86.6,89.8,82.4,956,797,159,854,221,633,-14,10,24,1796
1856,"800023","2003JJ00",4342,2668,1674,4880,2904,1962,-9.3,-8.9,-10,89,91.9,85.3,951,782,169,749,230,519,-26,10,36,1674
1857,"800023","2004JJ00",4698,2816,1882,5173,3017,2146,6,3.9,9.4,90.8,93.3,87.7,991,818,173,923,236,687,-32,10,42,1882
1858,"800023","2005JJ00",4811,2856,1955,5244,3026,2209,1.4,0.3,3,91.7,94.4,88.5,1015,848,167,978,244,734,-38,8,46,1955
1859,"800023","2006JJ00",4994,2944,2050,5370,3089,2273,2.4,2.1,2.9,93,95.3,90.2,1059,893,166,1022,252,770,-31,9,40,2050
1860,"800023","2007JJ00",5303,3033,2270,5586,3139,2443,4,1.6,7.5,94.9,96.6,92.9,1149,968,181,1157,267,890,-36,9,45,2270
1861,"800023","2008JJ00",5726,3163,2563,5867,3180,2687,5,1.3,10,97.6,99.5,95.4,1201,1009,192,1404,283,1121,-42,9,51,2563
1862,"800023","2009JJ00",5638,3054,2584,5685,3080,2605,-3.1,-3.1,-3,99.2,99.1,99.2,1210,1026,184,1423,293,1130,-49,12,61,2584
1863,"800023","2010JJ00",5771,3027,2744,5771,3027,2744,1.5,-1.7,5.3,100,100,100,1234,1039,195,1559,297,1262,-49,12,61,2744
1864,"800023","2011JJ00",6077,3216,2861,6037,3173,2864,4.6,4.8,4.4,100.7,101.4,99.9,1198,1001,197,1716,293,1423,-53,10,63,2861
1865,"800023","2012JJ00",6236,3339,2897,6115,3271,2844,1.3,3.1,-0.7,102,102.1,101.9,1265,1045,220,1659,293,1366,-27,10,37,2897
1866,"800023","2013JJ00",6104,3185,2919,5965,3121,2844,-2.5,-4.6,0,102.3,102.1,102.6,1253,1037,216,1692,293,1399,-26,11,37,2919
1867,"800023","2014JJ00",5953,3162,2791,5792,3107,2685,-2.9,-0.4,-5.6,102.8,101.8,103.9,1207,990,217,1599,291,1308,-15,8,23,2791
1868,"800023","2015JJ00",6247,3349,2898,6038,3281,2757,4.2,5.6,2.7,103.5,102.1,105.1,1214,1005,209,1710,NA,NA,-26,9,35,2898
1869,"408100","1995JJ00",5195,3463,1732,7126,4698,2431,NA,NA,NA,72.9,73.7,71.2,923,813,110,802,138,664,7,8,1,1732
1870,"408100","1996JJ00",5622,3801,1821,7578,5028,2553,6.4,7,5,74.2,75.6,71.3,1026,905,121,791,139,652,4,8,4,1821
1871,"408100","1997JJ00",5891,3959,1932,7772,5189,2584,2.6,3.2,1.2,75.8,76.3,74.8,1137,1009,128,793,143,650,2,8,6,1932
1872,"408100","1998JJ00",6399,4278,2121,8222,5504,2719,5.8,6.1,5.2,77.8,77.7,78,1239,1019,220,886,155,731,-4,6,10,2121
1873,"408100","1999JJ00",6750,4517,2233,8499,5640,2859,3.4,2.5,5.1,79.4,80.1,78.1,1368,1120,248,868,171,697,-3,7,10,2233
1874,"408100","2000JJ00",7458,4959,2499,9161,6034,3129,7.8,7,9.4,81.4,82.2,79.9,1601,1284,317,901,190,711,-3,8,11,2499
1875,"408100","2001JJ00",7587,4988,2599,8935,5880,3056,-2.5,-2.5,-2.3,84.9,84.8,85,1668,1352,316,934,205,729,-3,9,12,2599
1876,"408100","2002JJ00",7766,5005,2761,8867,5701,3167,-0.8,-3,3.6,87.6,87.8,87.2,1746,1412,334,1019,218,801,-4,9,13,2761
1877,"408100","2003JJ00",7595,4957,2638,8451,5494,2958,-4.7,-3.6,-6.6,89.9,90.2,89.2,1705,1366,339,934,226,708,-1,10,11,2638
1878,"408100","2004JJ00",7880,5082,2798,8569,5549,3021,1.4,1,2.1,92,91.6,92.6,1738,1390,348,1064,232,832,-4,9,13,2798
1879,"408100","2005JJ00",8095,5178,2917,8760,5587,3173,2.2,0.7,5,92.4,92.7,91.9,1743,1412,331,1171,241,930,3,11,8,2917
1880,"408100","2006JJ00",8321,5269,3052,8823,5596,3228,0.7,0.2,1.7,94.3,94.2,94.6,1757,1439,318,1289,256,1033,6,12,6,3052
1881,"408100","2007JJ00",8494,5238,3256,8817,5444,3372,-0.1,-2.7,4.5,96.3,96.2,96.5,1804,1474,330,1448,281,1167,4,11,7,3256
1882,"408100","2008JJ00",8723,5319,3404,8851,5411,3440,0.4,-0.6,2,98.6,98.3,99,1948,1579,369,1453,309,1144,3,11,8,3404
1883,"408100","2009JJ00",8030,4965,3065,8090,5002,3088,-8.6,-7.6,-10.2,99.3,99.3,99.3,1899,1561,338,1167,328,839,-1,12,13,3065
1884,"408100","2010JJ00",8087,4878,3209,8087,4878,3209,0,-2.5,3.9,100,100,100,1877,1533,344,1334,342,992,-2,11,13,3209
1885,"408100","2011JJ00",8098,4812,3286,8165,4787,3378,1,-1.9,5.3,99.2,100.5,97.3,1880,1538,342,1406,353,1053,0,12,12,3286
1886,"408100","2012JJ00",8062,4787,3275,8291,4753,3541,1.5,-0.7,4.8,97.2,100.7,92.5,1866,1512,354,1413,366,1047,-4,8,12,3275
1887,"408100","2013JJ00",7961,4796,3165,8270,4736,3538,-0.2,-0.4,-0.1,96.3,101.3,89.5,1819,1475,344,1346,376,970,0,11,11,3165
1888,"408100","2014JJ00",8113,4858,3255,8278,4762,3517,0.1,0.5,-0.6,98,102,92.6,1838,1478,360,1418,380,1038,-1,11,12,3255
1889,"408100","2015JJ00",8260,4931,3329,8272,4787,3482,-0.1,0.5,-1,99.9,103,95.6,1856,1508,348,1466,NA,NA,7,17,10,3329
1890,"408700","1995JJ00",2249,1160,1089,3076,1566,1510,NA,NA,NA,73.1,74.1,72.1,498,442,56,602,127,475,-11,4,15,1089
1891,"408700","1996JJ00",2640,1376,1264,3541,1836,1704,15.1,17.2,12.9,74.5,74.9,74.2,534,477,57,738,128,610,-8,3,11,1264
1892,"408700","1997JJ00",2842,1631,1211,3741,2136,1602,5.6,16.4,-6,76,76.4,75.6,551,493,58,667,134,533,-7,4,11,1211
1893,"408700","1998JJ00",3121,1855,1266,3998,2374,1619,6.9,11.2,1.1,78.1,78.1,78.2,610,509,101,687,148,539,-31,2,33,1266
1894,"408700","1999JJ00",3497,2132,1365,4370,2636,1729,9.3,11,6.8,80,80.9,78.9,668,559,109,722,163,559,-25,6,31,1365
1895,"408700","2000JJ00",3904,2498,1406,4771,3004,1758,9.2,14,1.7,81.8,83.2,80,753,623,130,670,181,489,-17,8,25,1406
1896,"408700","2001JJ00",4361,2760,1601,5080,3175,1897,6.5,5.7,7.9,85.8,86.9,84.4,765,643,122,848,196,652,-12,9,21,1601
1897,"408700","2002JJ00",4238,2655,1583,4797,2968,1822,-5.6,-6.5,-3.9,88.4,89.5,86.9,816,682,134,782,209,573,-15,8,23,1583
1898,"408700","2003JJ00",3905,2461,1444,4310,2687,1616,-10.1,-9.5,-11.3,90.6,91.6,89.3,815,671,144,657,217,440,-28,7,35,1444
1899,"408700","2004JJ00",4235,2610,1625,4594,2803,1785,6.6,4.3,10.5,92.2,93.1,91,856,709,147,804,222,582,-35,6,41,1625
1900,"408700","2005JJ00",4331,2638,1693,4664,2802,1858,1.5,0,4.1,92.9,94.2,91.1,868,728,140,863,228,635,-38,7,45,1693
1901,"408700","2006JJ00",4494,2721,1773,4782,2859,1918,2.5,2,3.2,94,95.2,92.4,907,767,140,897,235,662,-31,8,39,1773
1902,"408700","2007JJ00",4776,2809,1967,4993,2907,2084,4.4,1.7,8.6,95.6,96.6,94.4,983,831,152,1020,248,772,-36,8,44,1967
1903,"408700","2008JJ00",5163,2934,2229,5256,2948,2308,5.3,1.4,10.8,98.2,99.5,96.6,1022,862,160,1249,262,987,-42,8,50,2229
1904,"408700","2009JJ00",5046,2826,2220,5075,2845,2229,-3.4,-3.5,-3.4,99.4,99.3,99.6,1041,886,155,1229,269,960,-50,10,60,2220
1905,"408700","2010JJ00",5152,2792,2360,5152,2792,2360,1.5,-1.9,5.9,100,100,100,1055,892,163,1355,270,1085,-50,10,60,2360
1906,"408700","2011JJ00",5439,2978,2461,5408,2939,2469,5,5.3,4.6,100.6,101.3,99.7,1006,844,162,1510,267,1243,-55,8,63,2461
1907,"408700","2012JJ00",5574,3074,2500,5483,3010,2472,1.4,2.4,0.1,101.7,102.1,101.1,1062,879,183,1467,269,1198,-29,8,37,2500
1908,"408700","2013JJ00",5421,2917,2504,5325,2856,2469,-2.9,-5.1,-0.1,101.8,102.1,101.4,1043,866,177,1489,270,1219,-28,9,37,2504
1909,"408700","2014JJ00",5278,2913,2365,5167,2857,2309,-3,0,-6.5,102.1,101.9,102.4,991,816,175,1391,269,1122,-17,6,23,2365
1910,"408700","2015JJ00",5555,3091,2464,5407,3026,2381,4.6,5.9,3.1,102.7,102.1,103.5,992,824,168,1500,NA,NA,-28,7,35,2464
1911,"409900","1995JJ00",318,140,178,565,177,415,NA,NA,NA,56.3,78.9,42.8,82,71,11,96,8,88,0,0,0,178
1912,"409900","1996JJ00",333,156,177,571,193,394,0.9,8.6,-5.1,58.4,81,44.9,85,74,11,92,8,84,0,0,0,177
1913,"409900","1997JJ00",351,162,189,577,193,403,1.2,0,2.3,60.8,84.1,46.9,93,80,13,96,9,87,0,0,0,189
1914,"409900","1998JJ00",369,166,203,586,196,408,1.4,1.9,1.1,63,84.6,49.8,111,90,21,92,9,83,0,0,0,203
1915,"409900","1999JJ00",383,177,206,594,209,396,1.4,6.6,-3,64.5,84.6,52.1,114,91,23,91,10,81,1,2,1,206
1916,"409900","2000JJ00",393,192,201,589,215,380,-0.8,2.8,-3.9,66.7,89.2,52.9,122,96,26,79,10,69,0,1,1,201
1917,"409900","2001JJ00",414,204,210,602,220,390,2.3,2.1,2.5,68.7,92.9,53.9,135,110,25,74,11,63,1,2,1,210
1918,"409900","2002JJ00",421,208,213,582,220,364,-3.4,0,-6.7,72.3,94.7,58.6,140,115,25,72,12,60,1,2,1,213
1919,"409900","2003JJ00",437,207,230,578,216,364,-0.7,-1.4,0,75.6,95.6,63.2,136,111,25,92,13,79,2,3,1,230
1920,"409900","2004JJ00",463,206,257,583,214,373,0.9,-1,2.6,79.4,96.1,68.9,135,109,26,119,14,105,3,4,1,257
1921,"409900","2005JJ00",480,218,262,582,224,359,-0.2,4.4,-3.9,82.5,97.4,73.1,147,120,27,115,16,99,0,1,1,262
1922,"409900","2006JJ00",500,223,277,590,230,360,1.5,2.8,0.4,84.7,97,76.9,152,126,26,125,17,108,0,1,1,277
1923,"409900","2007JJ00",527,224,303,593,231,361,0.4,0.4,0.4,88.9,97,83.9,166,137,29,137,19,118,0,1,1,303
1924,"409900","2008JJ00",563,229,334,610,232,378,2.8,0.4,4.6,92.3,98.7,88.4,179,147,32,155,21,134,0,1,1,334
1925,"409900","2009JJ00",592,228,364,611,235,376,0.2,1.3,-0.6,96.9,97,96.9,169,140,29,194,24,170,1,2,1,364
1926,"409900","2010JJ00",619,235,384,619,235,384,1.4,0,2.2,100,100,100,179,147,32,204,27,177,1,2,1,384
1927,"409900","2011JJ00",638,238,400,629,234,395,1.6,-0.4,2.9,101.4,101.7,101.3,192,157,35,206,26,180,2,2,0,400
1928,"409900","2012JJ00",662,265,397,633,261,372,0.6,11.3,-5.8,104.6,101.7,106.6,203,166,37,192,24,168,2,2,0,397
1929,"409900","2013JJ00",683,268,415,640,264,375,1.1,1.5,0.8,106.8,101.3,110.6,210,171,39,203,23,180,2,2,0,415
1930,"409900","2014JJ00",675,249,426,625,250,374,-2.3,-5.6,-0.2,108.1,99.7,113.8,216,174,42,208,22,186,2,2,0,426
1931,"409900","2015JJ00",692,258,434,631,255,376,1,2,0.5,109.6,101.3,115.4,222,181,41,210,NA,NA,2,2,0,434
1932,"410200","1995JJ00",19305,7065,12240,28104,9758,18345,NA,NA,NA,68.7,72.4,66.7,7954,6998,956,4130,1900,2230,156,206,50,12240
1933,"410200","1996JJ00",22315,7923,14392,31799,10777,21043,13.1,10.4,14.7,70.2,73.5,68.4,9254,8107,1147,5021,1979,3042,117,215,98,14392
1934,"410200","1997JJ00",24842,9010,15832,34637,12082,22553,8.9,12.1,7.2,71.7,74.6,70.2,10521,9273,1248,5263,2118,3145,48,195,147,15832
1935,"410200","1998JJ00",28371,10073,18298,38590,13340,25256,11.4,10.4,12,73.5,75.5,72.5,11940,9743,2197,6352,2336,4016,6,223,217,18298
1936,"410200","1999JJ00",31408,11315,20093,41763,14660,27100,8.2,9.9,7.3,75.2,77.2,74.1,13069,10562,2507,7022,2632,4390,2,253,251,20093
1937,"410200","2000JJ00",34374,12779,21595,43742,15884,27832,4.7,8.4,2.7,78.6,80.5,77.6,14106,11159,2947,7449,3017,4432,40,293,253,21595
1938,"410200","2001JJ00",37277,13647,23630,45348,16396,28928,3.7,3.2,3.9,82.2,83.2,81.7,14525,11688,2837,9096,3369,5727,9,292,283,23630
1939,"410200","2002JJ00",36778,13781,22997,43483,15981,27474,-4.1,-2.5,-5,84.6,86.2,83.7,14337,11603,2734,8681,3639,5042,-21,288,309,22997
1940,"410200","2003JJ00",36207,13476,22731,41913,15292,26598,-3.6,-4.3,-3.2,86.4,88.1,85.5,14119,11345,2774,8608,3778,4830,4,306,302,22731
1941,"410200","2004JJ00",37105,13914,23191,42332,15583,26720,1,1.9,0.5,87.7,89.3,86.8,14514,11670,2844,8721,3571,5150,-44,314,358,23191
1942,"410200","2005JJ00",39355,14618,24737,44225,15966,28238,4.5,2.5,5.7,89,91.6,87.6,15445,12561,2884,9258,4020,5238,34,353,319,24737
1943,"410200","2006JJ00",43056,15637,27419,47190,16798,30382,6.7,5.2,7.6,91.2,93.1,90.2,17144,14115,3029,10197,4154,6043,78,385,307,27419
1944,"410200","2007JJ00",47581,16871,30710,50668,17752,32914,7.4,5.7,8.3,93.9,95,93.3,19587,16099,3488,11056,4396,6660,67,383,316,30710
1945,"410200","2008JJ00",50973,18091,32882,52841,18381,34460,4.3,3.5,4.7,96.5,98.4,95.4,20957,17136,3821,11801,4552,7249,124,449,325,32882
1946,"410200","2009JJ00",48453,16954,31499,49023,17262,31754,-7.2,-6.1,-7.9,98.8,98.2,99.2,19360,15935,3425,12024,4463,7561,115,497,382,31499
1947,"410200","2010JJ00",48312,17701,30611,48312,17701,30611,-1.5,2.5,-3.6,100,100,100,19325,15783,3542,11137,4224,6913,149,542,393,30611
1948,"410200","2011JJ00",50936,18763,32173,50191,18462,31729,3.9,4.3,3.7,101.5,101.6,101.4,20505,16722,3783,11527,4038,7489,141,504,363,32173
1949,"410200","2012JJ00",52307,19206,33101,50854,18589,32265,1.3,0.7,1.7,102.9,103.3,102.6,20638,16727,3911,12258,4060,8198,205,506,301,33101
1950,"410200","2013JJ00",52765,18616,34149,50452,17848,32609,-0.8,-4,1.1,104.6,104.3,104.7,20914,16931,3983,13028,4093,8935,207,489,282,34149
1951,"410200","2014JJ00",55909,19497,36412,53105,18669,34440,5.3,4.6,5.6,105.3,104.4,105.7,21927,17637,4290,14210,4062,10148,275,531,256,36412
1952,"410200","2015JJ00",61423,21254,40169,57731,20275,37460,8.7,8.6,8.8,106.4,104.8,107.2,23961,19346,4615,15877,NA,NA,331,546,215,40169
1953,"410300","1995JJ00",4538,1628,2910,6437,2407,4013,NA,NA,NA,70.5,67.6,72.5,426,360,66,2308,1415,893,176,177,1,2910
1954,"410300","1996JJ00",5080,1810,3270,6965,2636,4313,8.2,9.5,7.5,72.9,68.7,75.8,481,403,78,2602,1496,1106,187,189,2,3270
1955,"410300","1997JJ00",5515,2071,3444,7396,3005,4393,6.2,14,1.9,74.6,68.9,78.4,501,425,76,2780,1623,1157,163,166,3,3444
1956,"410300","1998JJ00",6112,2214,3898,8072,3220,4847,9.1,7.1,10.3,75.7,68.8,80.4,553,431,122,3160,1812,1348,185,191,6,3898
1957,"410300","1999JJ00",7041,2594,4447,9160,3656,5499,13.5,13.6,13.4,76.9,71,80.9,662,512,150,3574,2069,1505,211,218,7,4447
1958,"410300","2000JJ00",7816,3019,4797,9857,3990,5869,7.6,9.1,6.7,79.3,75.7,81.7,776,590,186,3771,2404,1367,250,256,6,4797
1959,"410300","2001JJ00",8729,3308,5421,10718,4245,6468,8.7,6.4,10.2,81.4,77.9,83.8,906,708,198,4267,2705,1562,248,254,6,5421
1960,"410300","2002JJ00",8354,3319,5035,9987,4105,5887,-6.8,-3.3,-9,83.7,80.9,85.5,942,731,211,3851,2926,925,242,249,7,5035
1961,"410300","2003JJ00",8365,3257,5108,9715,3900,5816,-2.7,-5,-1.2,86.1,83.5,87.8,978,749,229,3869,3032,837,261,269,8,5108
1962,"410300","2004JJ00",8710,3389,5321,9864,3925,5937,1.5,0.6,2.1,88.3,86.3,89.6,992,761,231,4060,2799,1261,269,277,8,5321
1963,"410300","2005JJ00",8932,3464,5468,9822,3867,5952,-0.4,-1.5,0.2,90.9,89.6,91.9,991,773,218,4175,3219,956,302,309,7,5468
1964,"410300","2006JJ00",9568,3699,5869,10145,4051,6092,3.3,4.8,2.4,94.3,91.3,96.3,1029,811,218,4516,3309,1207,324,332,8,5869
1965,"410300","2007JJ00",10291,3970,6321,10692,4266,6425,5.4,5.3,5.5,96.2,93.1,98.4,1106,872,234,4893,3485,1408,322,329,7,6321
1966,"410300","2008JJ00",10955,4427,6528,11279,4511,6767,5.5,5.7,5.3,97.1,98.1,96.5,1200,938,262,4950,3572,1378,378,385,7,6528
1967,"410300","2009JJ00",10664,4235,6429,10804,4364,6437,-4.2,-3.3,-4.9,98.7,97,99.9,1160,921,239,4854,3454,1400,415,425,10,6429
1968,"410300","2010JJ00",10439,4293,6146,10439,4293,6146,-3.4,-1.6,-4.5,100,100,100,1190,936,254,4495,3189,1306,461,471,10,6146
1969,"410300","2011JJ00",10141,4289,5852,9988,4156,5832,-4.3,-3.2,-5.1,101.5,103.2,100.3,1248,981,267,4187,3008,1179,417,427,10,5852
1970,"410300","2012JJ00",10472,4334,6138,10245,4086,6164,2.6,-1.7,5.7,102.2,106.1,99.6,1394,1087,307,4313,3007,1306,431,440,9,6138
1971,"410300","2013JJ00",10434,4303,6131,10088,3984,6111,-1.5,-2.5,-0.9,103.4,108,100.3,1386,1080,306,4331,3021,1310,414,419,5,6131
1972,"410300","2014JJ00",10610,4364,6246,10189,4044,6152,1,1.5,0.7,104.1,107.9,101.5,1411,1088,323,4378,2977,1401,457,463,6,6246
1973,"410300","2015JJ00",10993,4476,6517,10640,4192,6457,4.4,3.7,5,103.3,106.8,100.9,1524,1190,334,4514,NA,NA,479,485,6,6517
1974,"412700","1995JJ00",6132,1079,5053,9298,1523,7785,NA,NA,NA,66,70.9,64.9,4660,4188,472,402,173,229,-9,6,15,5053
1975,"412700","1996JJ00",7698,1259,6439,11414,1747,9690,22.8,14.7,24.5,67.4,72.1,66.4,5761,5100,661,708,169,539,-30,7,37,6439
1976,"412700","1997JJ00",9017,1529,7488,13042,2099,10960,14.3,20.2,13.1,69.1,72.8,68.3,6846,6080,766,688,171,517,-46,8,54,7488
1977,"412700","1998JJ00",10915,1924,8991,15316,2603,12724,17.4,24,16.1,71.3,73.9,70.7,7942,6551,1391,1110,180,930,-61,9,70,8991
1978,"412700","1999JJ00",11837,2118,9719,16175,2805,13379,5.6,7.7,5.1,73.2,75.5,72.6,8645,7053,1592,1146,191,955,-72,12,84,9719
1979,"412700","2000JJ00",12733,2342,10391,16309,2972,13341,0.8,5.9,-0.3,78.1,78.8,77.9,9163,7302,1861,1307,203,1104,-79,11,90,10391
1980,"412700","2001JJ00",13399,2407,10992,16277,2968,13313,-0.2,-0.1,-0.2,82.3,81.1,82.6,9259,7512,1747,1830,214,1616,-97,13,110,10992
1981,"412700","2002JJ00",12714,2381,10333,15146,2794,12356,-6.9,-5.9,-7.2,83.9,85.2,83.6,8812,7226,1586,1633,220,1413,-112,15,127,10333
1982,"412700","2003JJ00",12132,2354,9778,14293,2672,11624,-5.6,-4.4,-5.9,84.9,88.1,84.1,8399,6834,1565,1493,226,1267,-114,14,128,9778
1983,"412700","2004JJ00",12201,2372,9829,14175,2653,11525,-0.8,-0.7,-0.8,86.1,89.4,85.3,8658,7051,1607,1324,230,1094,-153,14,167,9829
1984,"412700","2005JJ00",13783,2717,11066,15869,2986,12886,11.9,12.6,11.8,86.9,91,85.9,9544,7849,1695,1648,237,1411,-126,16,142,11066
1985,"412700","2006JJ00",15974,3136,12838,17792,3394,14398,12.1,13.7,11.7,89.8,92.4,89.2,10979,9151,1828,1973,256,1717,-114,20,134,12838
1986,"412700","2007JJ00",18723,3635,15088,20053,3841,16212,12.7,13.2,12.6,93.4,94.6,93.1,12991,10797,2194,2218,288,1930,-121,22,143,15088
1987,"412700","2008JJ00",20343,3946,16397,20982,4054,16927,4.6,5.6,4.4,97,97.3,96.9,13846,11461,2385,2672,328,2344,-121,24,145,16397
1988,"412700","2009JJ00",18033,3422,14611,18184,3455,14728,-13.3,-14.8,-13,99.2,99,99.2,12253,10206,2047,2513,337,2176,-155,22,177,14611
1989,"412700","2010JJ00",17322,3529,13793,17322,3529,13793,-4.7,2.1,-6.4,100,100,100,12077,9988,2089,1889,350,1539,-173,21,194,13793
1990,"412700","2011JJ00",19099,3932,15167,18822,3905,14917,8.7,10.7,8.1,101.5,100.7,101.7,12952,10669,2283,2384,348,2036,-169,20,189,15167
1991,"412700","2012JJ00",19081,3898,15183,18680,3860,14820,-0.8,-1.1,-0.7,102.1,101,102.5,12838,10544,2294,2495,357,2138,-150,16,166,15183
1992,"412700","2013JJ00",19248,3801,15447,18509,3749,14758,-0.9,-2.9,-0.4,104,101.4,104.7,13024,10690,2334,2562,360,2202,-139,22,161,15447
1993,"412700","2014JJ00",20787,4009,16778,19944,3959,15982,7.8,5.6,8.3,104.2,101.3,105,13953,11378,2575,2972,362,2610,-147,24,171,16778
1994,"412700","2015JJ00",23442,4405,19037,22138,4333,17799,11,9.5,11.4,105.9,101.7,107,15651,12763,2888,3488,NA,NA,-102,24,126,19037
1995,"413700","1995JJ00",2936,2371,565,4188,3238,940,NA,NA,NA,70.1,73.2,60.1,400,346,54,169,56,113,-4,3,7,565
1996,"413700","1996JJ00",3170,2597,573,4491,3480,999,7.2,7.5,6.2,70.6,74.6,57.4,408,356,52,175,54,121,-10,2,12,573
1997,"413700","1997JJ00",3427,2850,577,4775,3712,1048,6.3,6.7,4.9,71.8,76.8,55.1,461,407,54,128,54,74,-12,4,16,577
1998,"413700","1998JJ00",3725,3102,623,5068,3965,1077,6.1,6.8,2.8,73.5,78.2,57.9,492,411,81,150,55,95,-19,4,23,623
1999,"413700","1999JJ00",4132,3442,690,5562,4328,1213,9.7,9.2,12.7,74.3,79.5,56.9,536,443,93,174,58,116,-20,4,24,690
2000,"413700","2000JJ00",4529,3811,718,5906,4627,1245,6.2,6.9,2.6,76.7,82.4,57.7,591,484,107,145,62,83,-18,4,22,718
2001,"413700","2001JJ00",4801,4031,770,5949,4686,1217,0.7,1.3,-2.2,80.7,86,63.3,584,483,101,209,68,141,-23,3,26,770
2002,"413700","2002JJ00",4926,4105,821,5922,4617,1277,-0.5,-1.5,4.9,83.2,88.9,64.3,618,508,110,228,74,154,-25,3,28,821
2003,"413700","2003JJ00",4877,3977,900,5736,4430,1294,-3.1,-4,1.3,85,89.8,69.5,620,510,110,302,80,222,-22,2,24,900
2004,"413700","2004JJ00",5017,4094,923,5912,4559,1343,3.1,2.9,3.8,84.9,89.8,68.7,622,512,110,321,87,234,-20,3,23,923
2005,"413700","2005JJ00",5213,4245,968,5955,4604,1337,0.7,1,-0.4,87.5,92.2,72.4,624,518,106,360,95,265,-16,4,20,968
2006,"413700","2006JJ00",5384,4356,1028,6001,4630,1361,0.8,0.6,1.8,89.7,94.1,75.5,636,532,104,406,107,299,-14,4,18,1028
2007,"413700","2007JJ00",5691,4556,1135,6211,4767,1439,3.5,3,5.7,91.6,95.6,78.9,665,553,112,484,123,361,-14,4,18,1135
2008,"413700","2008JJ00",5871,4706,1165,6258,4755,1507,0.8,-0.2,4.8,93.8,99,77.3,708,587,121,473,133,340,-16,3,19,1165
2009,"413700","2009JJ00",5820,4431,1389,5928,4519,1409,-5.3,-5,-6.5,98.2,98.1,98.6,671,560,111,735,135,600,-17,4,21,1389
2010,"413700","2010JJ00",6669,5044,1625,6669,5044,1625,12.5,11.6,15.3,100,100,100,670,557,113,973,136,837,-18,4,22,1625
2011,"413700","2011JJ00",7382,5559,1823,7281,5518,1763,9.2,9.4,8.5,101.4,100.7,103.4,829,712,117,1002,135,867,-8,9,17,1823
2012,"413700","2012JJ00",8262,5864,2398,7854,5692,2156,7.9,3.1,22.3,105.2,103,111.2,759,635,124,1648,138,1510,-9,5,14,2398
2013,"413700","2013JJ00",7965,5236,2729,7377,5038,2310,-6.1,-11.5,7.2,108,103.9,118.1,742,619,123,1990,144,1846,-3,16,19,2729
2014,"413700","2014JJ00",9023,5734,3289,8268,5491,2726,12.1,9,18,109.1,104.4,120.7,781,648,133,2512,152,2360,-4,13,17,3289
2015,"413700","2015JJ00",10782,6746,4036,9753,6382,3298,18,16.2,21,110.5,105.7,122.4,807,672,135,3234,NA,NA,-5,10,15,4036
2016,"900011","1995JJ00",5699,1987,3712,8079,2582,5537,NA,NA,NA,70.5,77,67,2468,2104,364,1251,256,995,-7,20,27,3712
2017,"900011","1996JJ00",6367,2257,4110,8870,2903,6001,9.8,12.4,8.4,71.8,77.8,68.5,2604,2248,356,1536,260,1276,-30,17,47,4110
2018,"900011","1997JJ00",6883,2560,4323,9398,3262,6147,6,12.4,2.4,73.2,78.5,70.3,2713,2361,352,1667,270,1397,-57,17,74,4323
2019,"900011","1998JJ00",7619,2833,4786,10148,3553,6602,8,8.9,7.4,75.1,79.7,72.5,2953,2350,603,1932,289,1643,-99,19,118,4786
2020,"900011","1999JJ00",8398,3161,5237,10859,3884,6975,7,9.3,5.6,77.3,81.4,75.1,3226,2554,672,2128,314,1814,-117,19,136,5237
2021,"900011","2000JJ00",9296,3607,5689,11633,4307,7313,7.1,10.9,4.9,79.9,83.7,77.8,3576,2783,793,2226,348,1878,-113,22,135,5689
2022,"900011","2001JJ00",10348,3901,6447,12347,4514,7825,6.1,4.8,7,83.8,86.4,82.4,3776,2985,791,2790,382,2408,-119,22,141,6447
2023,"900011","2002JJ00",10784,3976,6808,12366,4472,7888,0.2,-0.9,0.8,87.2,88.9,86.3,3965,3138,827,2969,419,2550,-126,21,147,6808
2024,"900011","2003JJ00",10833,3888,6945,12103,4294,7805,-2.1,-4,-1.1,89.5,90.5,89,4122,3252,870,2944,440,2504,-121,21,142,6945
2025,"900011","2004JJ00",11177,4059,7118,12308,4446,7857,1.7,3.5,0.7,90.8,91.3,90.6,4242,3346,896,3016,455,2561,-140,20,160,7118
2026,"900011","2005JJ00",11427,4192,7235,12531,4505,8021,1.8,1.3,2.1,91.2,93.1,90.2,4286,3421,865,3075,469,2606,-126,24,150,7235
2027,"900011","2006JJ00",12130,4446,7684,13226,4721,8501,5.5,4.8,6,91.7,94.2,90.4,4500,3621,879,3302,482,2820,-118,29,147,7684
2028,"900011","2007JJ00",12876,4710,8166,13704,4880,8821,3.6,3.4,3.8,94,96.5,92.6,4825,3877,948,3461,500,2961,-120,28,148,8166
2029,"900011","2008JJ00",13804,5012,8792,14306,5066,9237,4.4,3.8,4.7,96.5,98.9,95.2,5203,4150,1053,3706,519,3187,-117,37,154,8792
2030,"900011","2009JJ00",13936,4866,9070,14101,4924,9177,-1.4,-2.8,-0.7,98.8,98.8,98.8,5276,4248,1028,3922,537,3385,-128,46,174,9070
2031,"900011","2010JJ00",13882,4835,9047,13882,4835,9047,-1.5,-1.8,-1.4,100,100,100,5388,4302,1086,3780,549,3231,-121,46,167,9047
2032,"900011","2011JJ00",14314,4983,9331,14100,4883,9217,1.6,1,1.9,101.5,102,101.2,5476,4360,1116,3954,547,3407,-99,48,147,9331
2033,"900011","2012JJ00",14492,5110,9382,14075,4953,9122,-0.2,1.4,-1,103,103.2,102.8,5647,4461,1186,3802,558,3244,-67,45,112,9382
2034,"900011","2013JJ00",15118,5276,9842,14487,5077,9410,2.9,2.5,3.2,104.4,103.9,104.6,5762,4542,1220,4145,568,3577,-65,32,97,9842
2035,"900011","2014JJ00",15489,5390,10099,14693,5182,9510,1.4,2.1,1.1,105.4,104,106.2,5782,4523,1259,4348,571,3777,-31,31,62,10099
2036,"900011","2015JJ00",16206,5627,10579,15161,5382,9780,3.2,3.8,2.8,106.9,104.6,108.2,5979,4721,1258,4641,NA,NA,-41,27,68,10579
2037,"414300","1995JJ00",604,153,451,792,186,606,NA,NA,NA,76.3,82.1,74.4,442,379,63,11,43,-32,-2,3,5,451
2038,"414300","1996JJ00",696,171,525,901,208,694,13.7,11.8,14.4,77.3,82.1,75.7,476,411,65,58,45,13,-9,3,12,525
2039,"414300","1997JJ00",727,184,543,928,216,714,3,3.5,2.9,78.3,85.4,76.1,489,424,65,73,48,25,-19,2,21,543
2040,"414300","1998JJ00",795,203,592,989,235,754,6.6,9.2,5.7,80.4,86.2,78.5,551,437,114,65,52,13,-24,4,28,592
2041,"414300","1999JJ00",868,230,638,1060,266,794,7.2,12.8,5.2,81.9,86.6,80.4,603,480,123,67,56,11,-32,3,35,638
2042,"414300","2000JJ00",972,260,712,1166,292,873,10,10,10,83.3,89,81.5,680,535,145,66,61,5,-34,3,37,712
2043,"414300","2001JJ00",1095,267,828,1248,297,952,7,1.5,9,87.7,90,87,692,553,139,173,66,107,-37,3,40,828
2044,"414300","2002JJ00",1388,338,1050,1531,363,1168,22.6,22.5,22.7,90.7,93,89.9,843,668,175,246,71,175,-39,3,42,1050
2045,"414300","2003JJ00",1423,342,1081,1535,358,1178,0.3,-1.5,0.9,92.7,95.5,91.8,885,700,185,231,74,157,-35,3,38,1081
2046,"414300","2004JJ00",1370,339,1031,1453,354,1100,-5.3,-1.2,-6.7,94.3,95.8,93.8,899,711,188,170,76,94,-38,3,41,1031
2047,"414300","2005JJ00",1470,361,1109,1545,379,1167,6.4,7.1,6.1,95.1,95.3,95.1,948,756,192,198,79,119,-37,3,40,1109
2048,"414300","2006JJ00",1622,407,1215,1721,427,1294,11.4,12.7,10.9,94.2,95.3,93.9,1005,810,195,247,82,165,-37,4,41,1215
2049,"414300","2007JJ00",1730,423,1307,1799,443,1356,4.5,3.7,4.8,96.2,95.5,96.4,1071,863,208,272,86,186,-36,4,40,1307
2050,"414300","2008JJ00",1877,459,1418,1936,470,1466,7.6,6.1,8.1,97,97.7,96.7,1174,940,234,281,90,191,-37,4,41,1418
2051,"414300","2009JJ00",1895,465,1430,1920,472,1448,-0.8,0.4,-1.2,98.7,98.5,98.7,1198,965,233,269,92,177,-37,6,43,1430
2052,"414300","2010JJ00",1900,467,1433,1900,467,1433,-1.1,-1.1,-1,100,100,100,1200,957,243,266,94,172,-33,6,39,1433
2053,"414300","2011JJ00",1943,468,1475,1929,462,1467,1.5,-1.1,2.4,100.7,101.3,100.5,1203,954,249,302,96,206,-30,6,36,1475
2054,"414300","2012JJ00",1984,503,1481,1944,491,1453,0.8,6.2,-0.9,102.1,102.5,101.9,1240,977,263,262,100,162,-21,6,27,1481
2055,"414300","2013JJ00",1921,471,1450,1856,456,1399,-4.5,-7,-3.7,103.5,103.2,103.6,1206,950,256,260,104,156,-16,6,22,1450
2056,"414300","2014JJ00",1975,501,1474,1897,488,1410,2.2,6.8,0.8,104.1,102.8,104.6,1144,893,251,337,105,232,-7,5,12,1474
2057,"414300","2015JJ00",2050,516,1534,1951,504,1447,2.8,3.4,2.6,105.1,102.4,106,1169,924,245,370,NA,NA,-5,5,10,1534
2058,"415000","1995JJ00",3480,978,2502,5123,1324,3822,NA,NA,NA,67.9,73.8,65.5,1523,1283,240,980,122,858,-1,5,6,2502
2059,"415000","1996JJ00",3790,1106,2684,5463,1476,4004,6.6,11.5,4.8,69.4,74.9,67,1589,1359,230,1110,124,986,-15,4,19,2684
2060,"415000","1997JJ00",4191,1234,2957,5906,1632,4288,8.1,10.6,7.1,71,75.6,69,1667,1442,225,1317,129,1188,-27,5,32,2957
2061,"415000","1998JJ00",4627,1362,3265,6370,1774,4610,7.9,8.7,7.5,72.6,76.8,70.8,1783,1403,380,1525,137,1388,-43,5,48,3265
2062,"415000","1999JJ00",5105,1545,3560,6792,1974,4826,6.6,11.3,4.7,75.2,78.3,73.8,1945,1514,431,1666,149,1517,-51,7,58,3560
2063,"415000","2000JJ00",5587,1781,3806,7121,2207,4914,4.8,11.8,1.8,78.5,80.7,77.5,2132,1624,508,1725,164,1561,-51,9,60,3806
2064,"415000","2001JJ00",6126,1955,4171,7460,2332,5127,4.8,5.7,4.3,82.1,83.8,81.4,2307,1787,520,1920,176,1744,-56,10,66,4171
2065,"415000","2002JJ00",6333,2028,4305,7363,2339,5021,-1.3,0.3,-2.1,86,86.7,85.7,2295,1788,507,2068,189,1879,-58,9,67,4305
2066,"415000","2003JJ00",6565,2061,4504,7425,2338,5085,0.9,0,1.3,88.4,88.1,88.6,2410,1881,529,2144,196,1948,-50,10,60,4504
2067,"415000","2004JJ00",6749,2130,4619,7527,2393,5133,1.4,2.3,0.9,89.7,89,90,2472,1924,548,2208,202,2006,-61,10,71,4619
2068,"415000","2005JJ00",6819,2210,4609,7592,2409,5180,0.9,0.7,0.9,89.8,91.7,89,2457,1935,522,2202,208,1994,-50,13,63,4609
2069,"415000","2006JJ00",7210,2360,4850,7973,2535,5436,5,5.2,4.9,90.4,93.1,89.2,2576,2043,533,2324,213,2111,-50,14,64,4850
2070,"415000","2007JJ00",7629,2497,5132,8205,2607,5596,2.9,2.8,2.9,93,95.8,91.7,2759,2184,575,2420,220,2200,-47,14,61,5132
2071,"415000","2008JJ00",8140,2640,5500,8491,2680,5810,3.5,2.8,3.8,95.9,98.5,94.7,2960,2322,638,2583,229,2354,-43,14,57,5500
2072,"415000","2009JJ00",8317,2586,5731,8430,2624,5806,-0.7,-2.1,-0.1,98.7,98.6,98.7,3016,2392,624,2765,237,2528,-50,15,65,5731
2073,"415000","2010JJ00",8255,2557,5698,8255,2557,5698,-2.1,-2.6,-1.9,100,100,100,3082,2424,658,2664,239,2425,-48,15,63,5698
2074,"415000","2011JJ00",8774,2765,6009,8626,2710,5916,4.5,6,3.8,101.7,102,101.6,3170,2488,682,2875,234,2641,-36,16,52,6009
2075,"415000","2012JJ00",8875,2790,6085,8585,2694,5890,-0.5,-0.6,-0.4,103.4,103.6,103.3,3272,2546,726,2843,236,2607,-30,12,42,6085
2076,"415000","2013JJ00",9251,2811,6440,8788,2693,6095,2.4,0,3.5,105.3,104.4,105.7,3348,2595,753,3114,237,2877,-22,12,34,6440
2077,"415000","2014JJ00",9343,2875,6468,8772,2747,6026,-0.2,2,-1.1,106.5,104.7,107.3,3374,2596,778,3104,234,2870,-10,13,23,6468
2078,"415000","2015JJ00",9769,2993,6776,8988,2839,6150,2.5,3.3,2.1,108.7,105.4,110.2,3442,2670,772,3345,NA,NA,-11,11,22,6776
2079,"415900","1995JJ00",1615,856,759,2189,1068,1131,NA,NA,NA,73.8,80.1,67.1,503,442,61,260,91,169,-4,12,16,759
2080,"415900","1996JJ00",1881,980,901,2520,1214,1320,15.1,13.7,16.7,74.6,80.7,68.2,539,478,61,368,91,277,-6,10,16,901
2081,"415900","1997JJ00",1965,1142,823,2588,1408,1166,2.7,15.9,-11.7,75.9,81.1,70.6,557,495,62,277,93,184,-11,10,21,823
2082,"415900","1998JJ00",2197,1268,929,2815,1537,1261,8.8,9.2,8.1,78.1,82.5,73.7,619,510,109,342,100,242,-32,10,42,929
2083,"415900","1999JJ00",2425,1386,1039,3032,1639,1378,7.7,6.6,9.3,80,84.6,75.4,678,560,118,395,109,286,-34,9,43,1039
2084,"415900","2000JJ00",2737,1566,1171,3363,1803,1544,10.9,10,12,81.4,86.8,75.9,764,624,140,435,123,312,-28,10,38,1171
2085,"415900","2001JJ00",3127,1679,1448,3654,1882,1767,8.7,4.3,14.4,85.6,89.2,82,777,645,132,697,140,557,-26,9,35,1448
2086,"415900","2002JJ00",3063,1610,1453,3476,1767,1706,-4.9,-6.1,-3.5,88.1,91.1,85.2,827,682,145,655,159,496,-29,9,38,1453
2087,"415900","2003JJ00",2845,1485,1360,3149,1600,1546,-9.4,-9.4,-9.4,90.3,92.8,88,827,671,156,569,170,399,-36,8,44,1360
2088,"415900","2004JJ00",3058,1590,1468,3338,1701,1633,6,6.3,5.7,91.6,93.5,89.9,871,711,160,638,177,461,-41,7,48,1468
2089,"415900","2005JJ00",3138,1621,1517,3400,1717,1680,1.9,0.9,2.9,92.3,94.4,90.3,881,730,151,675,182,493,-39,8,47,1517
2090,"415900","2006JJ00",3298,1679,1619,3535,1759,1774,4,2.5,5.6,93.3,95.4,91.2,919,768,151,731,187,544,-31,11,42,1619
2091,"415900","2007JJ00",3517,1790,1727,3702,1830,1871,4.7,4.1,5.4,95,97.8,92.3,995,830,165,769,194,575,-37,10,47,1727
2092,"415900","2008JJ00",3787,1913,1874,3878,1915,1962,4.7,4.6,4.9,97.6,99.9,95.5,1069,888,181,842,200,642,-37,19,56,1874
2093,"415900","2009JJ00",3724,1815,1909,3750,1828,1922,-3.3,-4.5,-2,99.3,99.3,99.3,1062,891,171,888,208,680,-41,25,66,1909
2094,"415900","2010JJ00",3727,1811,1916,3727,1811,1916,-0.6,-0.9,-0.3,100,100,100,1106,921,185,850,216,634,-40,25,65,1916
2095,"415900","2011JJ00",3597,1750,1847,3545,1711,1834,-4.9,-5.5,-4.3,101.5,102.3,100.7,1103,918,185,777,217,560,-33,26,59,1847
2096,"415900","2012JJ00",3633,1817,1816,3547,1768,1778,0.1,3.3,-3,102.4,102.8,102.1,1135,938,197,697,222,475,-16,27,43,1816
2097,"415900","2013JJ00",3946,1994,1952,3844,1927,1915,8.4,9,7.7,102.7,103.5,101.9,1208,997,211,771,227,544,-27,14,41,1952
2098,"415900","2014JJ00",4171,2014,2157,4028,1949,2079,4.8,1.1,8.6,103.6,103.4,103.7,1264,1034,230,907,232,675,-14,13,27,2157
2099,"415900","2015JJ00",4387,2118,2269,4228,2039,2188,5,4.7,5.2,103.8,103.9,103.7,1368,1127,241,926,NA,NA,-25,11,36,2269
2100,"300012","1995JJ00",83677,26318,57359,125950,35448,91271,NA,NA,NA,66.4,74.2,62.8,43631,35705,7926,13435,11366,2069,293,458,165,57359
2101,"300012","1996JJ00",85619,27492,58127,127240,36462,91437,1,2.9,0.2,67.3,75.4,63.6,44535,36194,8341,13383,11751,1632,209,480,271,58127
2102,"300012","1997JJ00",89146,28389,60757,130065,37306,93426,2.2,2.3,2.2,68.5,76.1,65,46224,37885,8339,14377,12153,2224,156,524,368,60757
2103,"300012","1998JJ00",94052,30316,63736,134131,39527,95113,3.1,6,1.8,70.1,76.7,67,49089,38463,10626,14546,12561,1985,101,570,469,63736
2104,"300012","1999JJ00",99724,32455,67269,137780,41454,96726,2.7,4.9,1.7,72.4,78.3,69.5,51990,40840,11150,15234,13267,1967,45,631,586,67269
2105,"300012","2000JJ00",107160,35491,71669,141660,43622,98323,2.8,5.2,1.7,75.6,81.4,72.9,55233,43350,11883,16421,14203,2218,15,661,646,71669
2106,"300012","2001JJ00",117461,39386,78075,148241,46961,101426,4.6,7.7,3.2,79.2,83.9,77,60064,47098,12966,18075,15135,2940,-64,685,749,78075
2107,"300012","2002JJ00",128767,42765,86002,154254,49267,105103,4.1,4.9,3.6,83.5,86.8,81.8,65531,51095,14436,20536,16047,4489,-65,742,807,86002
2108,"300012","2003JJ00",137477,45844,91633,159311,51401,107997,3.3,4.3,2.8,86.3,89.2,84.8,70367,54505,15862,21304,16919,4385,-38,789,827,91633
2109,"300012","2004JJ00",140753,46262,94491,160166,51373,108897,0.5,-0.1,0.8,87.9,90.1,86.8,72535,55141,17394,22267,17635,4632,-311,822,1133,94491
2110,"300012","2005JJ00",145569,48144,97425,162683,52575,110199,1.6,2.3,1.2,89.5,91.6,88.4,74291,56216,18075,23191,18392,4799,-57,859,916,97425
2111,"300012","2006JJ00",152332,51054,101278,167317,55387,111976,2.8,5.3,1.6,91,92.2,90.4,76716,58682,18034,24650,19278,5372,-88,882,970,101278
2112,"300012","2007JJ00",159629,54057,105572,171188,57889,113324,2.3,4.5,1.2,93.2,93.4,93.2,80384,61565,18819,25879,20293,5586,-691,903,1594,105572
2113,"300012","2008JJ00",171277,58813,112464,177482,60752,116753,3.7,4.9,3,96.5,96.8,96.3,85287,64896,20391,28060,21333,6727,-883,966,1849,112464
2114,"300012","2009JJ00",182343,62626,119717,184742,63950,120812,4.1,5.3,3.5,98.7,97.9,99.1,89982,68841,21141,31017,22079,8938,-1282,979,2261,119717
2115,"300012","2010JJ00",186579,62833,123746,186579,62833,123746,1,-1.7,2.4,100,100,100,92952,71619,21333,32153,23001,9152,-1359,1005,2364,123746
2116,"300012","2011JJ00",188101,62411,125690,187204,60900,126304,0.3,-3.1,2.1,100.5,102.5,99.5,94469,72566,21903,32291,23615,8676,-1070,1038,2108,125690
2117,"300012","2012JJ00",192373,63789,128584,185736,59782,125973,-0.8,-1.8,-0.3,103.6,106.7,102.1,96321,73360,22961,33268,24219,9049,-1005,924,1929,128584
2118,"300012","2013JJ00",193888,63446,130442,186233,59853,126403,0.3,0.1,0.3,104.1,106,103.2,97512,74059,23453,33766,24828,8938,-836,1018,1854,130442
2119,"300012","2014JJ00",195770,64317,131453,186967,60328,126655,0.4,0.8,0.2,104.7,106.6,103.8,98044,74012,24032,34082,25162,8920,-673,1069,1742,131453
2120,"300012","2015JJ00",195183,62884,132299,187458,60825,126641,0.3,0.8,0,104.1,103.4,104.5,98557,75544,23013,34758,25408,9350,-1016,1001,2017,132299
2121,"417400","1995JJ00",36397,13305,23092,50543,18486,32051,NA,NA,NA,72,72,72,16319,12514,3805,6555,6555,0,218,223,5,23092
2122,"417400","1996JJ00",36687,13595,23092,50521,18553,31962,0,0.4,-0.3,72.6,73.3,72.2,16153,12411,3742,6740,6740,0,199,233,34,23092
2123,"417400","1997JJ00",37756,13857,23899,51408,18802,32600,1.8,1.3,2,73.4,73.7,73.3,16766,13026,3740,6947,6947,0,186,240,54,23899
2124,"417400","1998JJ00",39436,14726,24710,53060,19759,33293,3.2,5.1,2.1,74.3,74.5,74.2,17400,13069,4331,7124,7124,0,186,262,76,24710
2125,"417400","1999JJ00",42080,15846,26234,55352,20802,34542,4.3,5.3,3.8,76,76.2,75.9,18489,13928,4561,7552,7552,0,193,290,97,26234
2126,"417400","2000JJ00",45651,17548,28103,57811,22156,35644,4.4,6.5,3.2,79,79.2,78.8,19817,14879,4938,8084,8084,0,202,310,108,28103
2127,"417400","2001JJ00",50207,19916,30291,61413,24439,36959,6.2,10.3,3.7,81.8,81.5,82,21525,16179,5346,8589,8589,0,177,310,133,30291
2128,"417400","2002JJ00",54315,21845,32470,64113,25814,38286,4.4,5.6,3.6,84.7,84.6,84.8,23212,17454,5758,9093,9093,0,165,320,155,32470
2129,"417400","2003JJ00",58081,23633,34448,66566,27109,39444,3.8,5,3,87.3,87.2,87.3,24649,18517,6132,9626,9626,0,173,332,159,34448
2130,"417400","2004JJ00",58488,23399,35089,65711,26469,39228,-1.3,-2.4,-0.5,89,88.4,89.4,25015,18201,6814,9991,9991,0,83,341,258,35089
2131,"417400","2005JJ00",60161,24349,35812,66386,27016,39359,1,2.1,0.3,90.6,90.1,91,25265,18277,6988,10377,10377,0,170,325,155,35812
2132,"417400","2006JJ00",62817,26184,36633,68753,28995,39756,3.6,7.3,1,91.4,90.3,92.1,25581,18979,6602,10864,10864,0,188,333,145,36633
2133,"417400","2007JJ00",65869,27504,38365,70625,30080,40549,2.7,3.7,2,93.3,91.4,94.6,26688,19564,7124,11467,11467,0,210,340,130,38365
2134,"417400","2008JJ00",70264,29972,40292,72561,31426,41157,2.7,4.5,1.5,96.8,95.4,97.9,27955,20179,7776,12099,12099,0,238,369,131,40292
2135,"417400","2009JJ00",74738,32535,42203,75592,33470,42163,4.2,6.5,2.4,98.9,97.2,100.1,29597,21482,8115,12405,12405,0,201,360,159,42203
2136,"417400","2010JJ00",75319,31915,43404,75319,31915,43404,-0.4,-4.6,2.9,100,100,100,30264,22640,7624,12907,12907,0,233,368,135,43404
2137,"417400","2011JJ00",74463,31030,43433,73192,30119,43073,-2.8,-5.6,-0.8,101.7,103,100.8,29944,22265,7679,13237,13237,0,252,383,131,43433
2138,"417400","2012JJ00",75153,30998,44155,71096,28085,43037,-2.9,-6.8,-0.1,105.7,110.4,102.6,30349,22298,8051,13557,13557,0,249,352,103,44155
2139,"417400","2013JJ00",74967,30119,44848,71496,28062,43473,0.6,-0.1,1,104.9,107.3,103.2,30581,22323,8258,13862,13862,0,405,429,24,44848
2140,"417400","2014JJ00",75837,30932,44905,71721,28428,43321,0.3,1.3,-0.4,105.7,108.8,103.7,30461,22196,8265,13997,13997,0,447,459,12,44905
2141,"417400","2015JJ00",73669,28855,44814,71672,28559,43135,-0.1,0.5,-0.4,102.8,101,103.9,30390,22547,7843,14050,NA,NA,374,390,16,44814
2142,"417500","1995JJ00",36397,13305,23092,50543,18486,32051,NA,NA,NA,72,72,72,16319,12514,3805,6555,6555,0,218,223,5,23092
2143,"417500","1996JJ00",36687,13595,23092,50521,18553,31962,0,0.4,-0.3,72.6,73.3,72.2,16153,12411,3742,6740,6740,0,199,233,34,23092
2144,"417500","1997JJ00",37756,13857,23899,51408,18802,32600,1.8,1.3,2,73.4,73.7,73.3,16766,13026,3740,6947,6947,0,186,240,54,23899
2145,"417500","1998JJ00",39436,14726,24710,53060,19759,33293,3.2,5.1,2.1,74.3,74.5,74.2,17400,13069,4331,7124,7124,0,186,262,76,24710
2146,"417500","1999JJ00",42080,15846,26234,55352,20802,34542,4.3,5.3,3.8,76,76.2,75.9,18489,13928,4561,7552,7552,0,193,290,97,26234
2147,"417500","2000JJ00",45651,17548,28103,57811,22156,35644,4.4,6.5,3.2,79,79.2,78.8,19817,14879,4938,8084,8084,0,202,310,108,28103
2148,"417500","2001JJ00",50207,19916,30291,61413,24439,36959,6.2,10.3,3.7,81.8,81.5,82,21525,16179,5346,8589,8589,0,177,310,133,30291
2149,"417500","2002JJ00",54315,21845,32470,64113,25814,38286,4.4,5.6,3.6,84.7,84.6,84.8,23212,17454,5758,9093,9093,0,165,320,155,32470
2150,"417500","2003JJ00",58081,23633,34448,66566,27109,39444,3.8,5,3,87.3,87.2,87.3,24649,18517,6132,9626,9626,0,173,332,159,34448
2151,"417500","2004JJ00",58488,23399,35089,65711,26469,39228,-1.3,-2.4,-0.5,89,88.4,89.4,25015,18201,6814,9991,9991,0,83,341,258,35089
2152,"417500","2005JJ00",60161,24349,35812,66386,27016,39359,1,2.1,0.3,90.6,90.1,91,25265,18277,6988,10377,10377,0,170,325,155,35812
2153,"417500","2006JJ00",62817,26184,36633,68753,28995,39756,3.6,7.3,1,91.4,90.3,92.1,25581,18979,6602,10864,10864,0,188,333,145,36633
2154,"417500","2007JJ00",65869,27504,38365,70625,30080,40549,2.7,3.7,2,93.3,91.4,94.6,26688,19564,7124,11467,11467,0,210,340,130,38365
2155,"417500","2008JJ00",70264,29972,40292,72561,31426,41157,2.7,4.5,1.5,96.8,95.4,97.9,27955,20179,7776,12099,12099,0,238,369,131,40292
2156,"417500","2009JJ00",74738,32535,42203,75592,33470,42163,4.2,6.5,2.4,98.9,97.2,100.1,29597,21482,8115,12405,12405,0,201,360,159,42203
2157,"417500","2010JJ00",75319,31915,43404,75319,31915,43404,-0.4,-4.6,2.9,100,100,100,30264,22640,7624,12907,12907,0,233,368,135,43404
2158,"417500","2011JJ00",74463,31030,43433,73192,30119,43073,-2.8,-5.6,-0.8,101.7,103,100.8,29944,22265,7679,13237,13237,0,252,383,131,43433
2159,"417500","2012JJ00",75153,30998,44155,71096,28085,43037,-2.9,-6.8,-0.1,105.7,110.4,102.6,30349,22298,8051,13557,13557,0,249,352,103,44155
2160,"417500","2013JJ00",74967,30119,44848,71496,28062,43473,0.6,-0.1,1,104.9,107.3,103.2,30581,22323,8258,13862,13862,0,405,429,24,44848
2161,"417500","2014JJ00",75837,30932,44905,71721,28428,43321,0.3,1.3,-0.4,105.7,108.8,103.7,30461,22196,8265,13997,13997,0,447,459,12,44905
2162,"417500","2015JJ00",73669,28855,44814,71672,28559,43135,-0.1,0.5,-0.4,102.8,101,103.9,30390,22547,7843,14050,NA,NA,374,390,16,44814
2163,"419000","1995JJ00",18683,3551,15132,31679,4869,27095,NA,NA,NA,59,72.9,55.8,11699,9552,2147,3327,2983,344,106,114,8,15132
2164,"419000","1996JJ00",19278,3694,15584,31879,4993,27146,0.6,2.5,0.2,60.5,74,57.4,12024,9644,2380,3474,3084,390,86,115,29,15584
2165,"419000","1997JJ00",20123,3897,16226,32667,5201,27708,2.5,4.2,2.1,61.6,74.9,58.6,12479,10242,2237,3668,3196,472,79,121,42,16226
2166,"419000","1998JJ00",21281,4182,17099,33307,5546,27939,2,6.6,0.8,63.9,75.4,61.2,13183,10406,2777,3848,3330,518,68,126,58,17099
2167,"419000","1999JJ00",22222,4322,17900,33719,5617,28282,1.2,1.3,1.2,65.9,77,63.3,13820,10993,2827,4018,3486,532,62,133,71,17900
2168,"419000","2000JJ00",23186,4478,18708,33775,5584,28380,0.2,-0.6,0.3,68.6,80.2,65.9,14420,11502,2918,4238,3717,521,50,132,82,18708
2169,"419000","2001JJ00",24640,4719,19921,34481,5751,28912,2.1,3,1.9,71.5,82.1,68.9,15231,12054,3177,4674,3971,703,16,123,107,19921
2170,"419000","2002JJ00",26522,5083,21439,35019,6000,29173,1.6,4.3,0.9,75.7,84.7,73.5,16365,12817,3548,5054,4226,828,20,143,123,21439
2171,"419000","2003JJ00",27877,5471,22406,35313,6283,29150,0.8,4.7,-0.1,78.9,87.1,76.9,17173,13296,3877,5204,4418,786,29,156,127,22406
2172,"419000","2004JJ00",28901,5848,23053,35518,6629,28969,0.6,5.5,-0.6,81.4,88.2,79.6,17731,13469,4262,5390,4582,808,-68,163,231,23053
2173,"419000","2005JJ00",30116,6265,23851,35785,6933,28905,0.8,4.6,-0.2,84.2,90.4,82.5,18199,13580,4619,5649,4744,905,3,179,176,23851
2174,"419000","2006JJ00",31506,6646,24860,36080,7198,28915,0.8,3.8,0,87.3,92.3,86,18959,14302,4657,5879,4944,935,22,195,173,24860
2175,"419000","2007JJ00",33190,7198,25992,36698,7608,29104,1.7,5.7,0.7,90.4,94.6,89.3,19842,15147,4695,6114,5155,959,36,207,171,25992
2176,"419000","2008JJ00",35391,7699,27692,37378,7866,29518,1.9,3.4,1.4,94.7,97.9,93.8,21301,16242,5059,6345,5329,1016,46,221,175,27692
2177,"419000","2009JJ00",36915,7921,28994,37515,8035,29481,0.4,2.1,-0.1,98.4,98.6,98.3,22407,17399,5008,6573,5524,1049,14,231,217,28994
2178,"419000","2010JJ00",37741,8170,29571,37741,8170,29571,0.6,1.7,0.3,100,100,100,22882,17643,5239,6643,5666,977,46,244,198,29571
2179,"419000","2011JJ00",37910,8061,29849,38042,7913,30129,0.8,-3.1,1.9,99.7,101.9,99.1,23020,17688,5332,6753,5730,1023,76,254,178,29849
2180,"419000","2012JJ00",37970,7999,29971,37884,7782,30105,-0.4,-1.6,-0.1,100.2,102.8,99.6,23138,17540,5598,6757,5789,968,76,226,150,29971
2181,"419000","2013JJ00",38111,8035,30076,37850,7720,30134,-0.1,-0.8,0.1,100.7,104.1,99.8,23130,17452,5678,6776,5857,919,170,219,49,30076
2182,"419000","2014JJ00",38671,8121,30550,38107,7800,30310,0.7,1,0.6,101.5,104.1,100.8,23466,17614,5852,6880,5921,959,204,232,28,30550
2183,"419000","2015JJ00",39666,8317,31349,38295,8012,30280,0.5,2.7,-0.1,103.6,103.8,103.5,24071,18383,5688,7056,NA,NA,222,243,21,31349
2184,"419100","1995JJ00",18683,3551,15132,31679,4869,27095,NA,NA,NA,59,72.9,55.8,11699,9552,2147,3327,2983,344,106,114,8,15132
2185,"419100","1996JJ00",19278,3694,15584,31879,4993,27146,0.6,2.5,0.2,60.5,74,57.4,12024,9644,2380,3474,3084,390,86,115,29,15584
2186,"419100","1997JJ00",20123,3897,16226,32667,5201,27708,2.5,4.2,2.1,61.6,74.9,58.6,12479,10242,2237,3668,3196,472,79,121,42,16226
2187,"419100","1998JJ00",21281,4182,17099,33307,5546,27939,2,6.6,0.8,63.9,75.4,61.2,13183,10406,2777,3848,3330,518,68,126,58,17099
2188,"419100","1999JJ00",22222,4322,17900,33719,5617,28282,1.2,1.3,1.2,65.9,77,63.3,13820,10993,2827,4018,3486,532,62,133,71,17900
2189,"419100","2000JJ00",23186,4478,18708,33775,5584,28380,0.2,-0.6,0.3,68.6,80.2,65.9,14420,11502,2918,4238,3717,521,50,132,82,18708
2190,"419100","2001JJ00",24640,4719,19921,34481,5751,28912,2.1,3,1.9,71.5,82.1,68.9,15231,12054,3177,4674,3971,703,16,123,107,19921
2191,"419100","2002JJ00",26522,5083,21439,35019,6000,29173,1.6,4.3,0.9,75.7,84.7,73.5,16365,12817,3548,5054,4226,828,20,143,123,21439
2192,"419100","2003JJ00",27877,5471,22406,35313,6283,29150,0.8,4.7,-0.1,78.9,87.1,76.9,17173,13296,3877,5204,4418,786,29,156,127,22406
2193,"419100","2004JJ00",28901,5848,23053,35518,6629,28969,0.6,5.5,-0.6,81.4,88.2,79.6,17731,13469,4262,5390,4582,808,-68,163,231,23053
2194,"419100","2005JJ00",30116,6265,23851,35785,6933,28905,0.8,4.6,-0.2,84.2,90.4,82.5,18199,13580,4619,5649,4744,905,3,179,176,23851
2195,"419100","2006JJ00",31506,6646,24860,36080,7198,28915,0.8,3.8,0,87.3,92.3,86,18959,14302,4657,5879,4944,935,22,195,173,24860
2196,"419100","2007JJ00",33190,7198,25992,36698,7608,29104,1.7,5.7,0.7,90.4,94.6,89.3,19842,15147,4695,6114,5155,959,36,207,171,25992
2197,"419100","2008JJ00",35391,7699,27692,37378,7866,29518,1.9,3.4,1.4,94.7,97.9,93.8,21301,16242,5059,6345,5329,1016,46,221,175,27692
2198,"419100","2009JJ00",36915,7921,28994,37515,8035,29481,0.4,2.1,-0.1,98.4,98.6,98.3,22407,17399,5008,6573,5524,1049,14,231,217,28994
2199,"419100","2010JJ00",37741,8170,29571,37741,8170,29571,0.6,1.7,0.3,100,100,100,22882,17643,5239,6643,5666,977,46,244,198,29571
2200,"419100","2011JJ00",37910,8061,29849,38042,7913,30129,0.8,-3.1,1.9,99.7,101.9,99.1,23020,17688,5332,6753,5730,1023,76,254,178,29849
2201,"419100","2012JJ00",37970,7999,29971,37884,7782,30105,-0.4,-1.6,-0.1,100.2,102.8,99.6,23138,17540,5598,6757,5789,968,76,226,150,29971
2202,"419100","2013JJ00",38111,8035,30076,37850,7720,30134,-0.1,-0.8,0.1,100.7,104.1,99.8,23130,17452,5678,6776,5857,919,170,219,49,30076
2203,"419100","2014JJ00",38671,8121,30550,38107,7800,30310,0.7,1,0.6,101.5,104.1,100.8,23466,17614,5852,6880,5921,959,204,232,28,30550
2204,"419100","2015JJ00",39666,8317,31349,38295,8012,30280,0.5,2.7,-0.1,103.6,103.8,103.5,24071,18383,5688,7056,NA,NA,222,243,21,31349
2205,"422400","1995JJ00",28597,9462,19135,44294,12124,32675,NA,NA,NA,64.6,78,58.6,15613,13639,1974,3553,1828,1725,-31,121,152,19135
2206,"422400","1996JJ00",29654,10203,19451,45463,12912,32914,2.6,6.5,0.7,65.2,79,59.1,16358,14139,2219,3169,1927,1242,-76,132,208,19451
2207,"422400","1997JJ00",31267,10635,20632,46659,13291,33728,2.6,2.9,2.5,67,80,61.2,16979,14617,2362,3762,2010,1752,-109,163,272,20632
2208,"422400","1998JJ00",33335,11408,21927,48420,14198,34470,3.8,6.8,2.2,68.8,80.3,63.6,18506,14988,3518,3574,2107,1467,-153,182,335,21927
2209,"422400","1999JJ00",35422,12287,23135,49280,15005,34382,1.8,5.7,-0.3,71.9,81.9,67.3,19681,15919,3762,3664,2229,1435,-210,208,418,23135
2210,"422400","2000JJ00",38323,13465,24858,50535,15848,34696,2.5,5.6,0.9,75.8,85,71.6,20996,16969,4027,4099,2402,1697,-237,219,456,24858
2211,"422400","2001JJ00",42614,14751,27863,52708,16759,35916,4.3,5.7,3.5,80.8,88,77.6,23308,18865,4443,4812,2575,2237,-257,252,509,27863
2212,"422400","2002JJ00",47930,15837,32093,55397,17453,37932,5.1,4.1,5.6,86.5,90.7,84.6,25954,20824,5130,6389,2728,3661,-250,279,529,32093
2213,"422400","2003JJ00",51519,16740,34779,57616,18022,39590,4,3.3,4.4,89.4,92.9,87.8,28545,22692,5853,6474,2875,3599,-240,301,541,34779
2214,"422400","2004JJ00",53364,17015,36349,59094,18272,40831,2.6,1.4,3.1,90.3,93.1,89,29789,23471,6318,6886,3062,3824,-326,318,644,36349
2215,"422400","2005JJ00",55292,17530,37762,60638,18626,42026,2.6,1.9,2.9,91.2,94.1,89.9,30827,24359,6468,7165,3271,3894,-230,355,585,37762
2216,"422400","2006JJ00",58009,18224,39785,62560,19212,43364,3.2,3.1,3.2,92.7,94.9,91.7,32176,25401,6775,7907,3470,4437,-298,354,652,39785
2217,"422400","2007JJ00",60570,19355,41215,63935,20212,43719,2.2,5.2,0.8,94.7,95.8,94.3,33854,26854,7000,8298,3671,4627,-937,356,1293,41215
2218,"422400","2008JJ00",65622,21142,44480,67575,21463,46106,5.7,6.2,5.5,97.1,98.5,96.5,36031,28475,7556,9616,3905,5711,-1167,376,1543,44480
2219,"422400","2009JJ00",70690,22170,48520,71633,22459,49174,6,4.6,6.7,98.7,98.7,98.7,37978,29960,8018,12039,4150,7889,-1497,388,1885,48520
2220,"422400","2010JJ00",73519,22748,50771,73519,22748,50771,2.6,1.3,3.2,100,100,100,39806,31336,8470,12603,4428,8175,-1638,393,2031,50771
2221,"422400","2011JJ00",75728,23320,52408,75970,22868,53102,3.3,0.5,4.6,99.7,102,98.7,41505,32613,8892,12301,4648,7653,-1398,401,1799,52408
2222,"422400","2012JJ00",79250,24792,54458,76787,23930,52829,1.1,4.6,-0.5,103.2,103.6,103.1,42834,33522,9312,12954,4873,8081,-1330,346,1676,54458
2223,"422400","2013JJ00",80810,25292,55518,76911,24089,52794,0.2,0.7,-0.1,105.1,105,105.2,43801,34284,9517,13128,5109,8019,-1411,370,1781,55518
2224,"422400","2014JJ00",81262,25264,55998,77167,24116,53023,0.3,0.1,0.4,105.3,104.8,105.6,44117,34202,9915,13205,5244,7961,-1324,378,1702,55998
2225,"422400","2015JJ00",81848,25712,56136,77522,24274,53220,0.5,0.7,0.4,105.6,105.9,105.5,44096,34614,9482,13652,NA,NA,-1612,368,1980,56136
2226,"422500","1995JJ00",15745,5398,10347,24230,6921,17644,NA,NA,NA,65,78,58.6,7342,6420,922,3094,886,2208,-89,58,147,10347
2227,"422500","1996JJ00",16261,5799,10462,24830,7327,17768,2.5,5.9,0.7,65.5,79.1,58.9,7640,6614,1026,2931,941,1990,-109,60,169,10462
2228,"422500","1997JJ00",17125,6070,11055,25630,7561,18344,3.2,3.2,3.2,66.8,80.3,60.3,7930,6832,1098,3261,989,2272,-136,78,214,11055
2229,"422500","1998JJ00",17851,6474,11377,25994,8046,18102,1.4,6.4,-1.3,68.7,80.5,62.8,8805,7126,1679,2741,1048,1693,-169,89,258,11377
2230,"422500","1999JJ00",18849,6956,11893,26230,8477,17807,0.9,5.4,-1.6,71.9,82.1,66.8,9354,7580,1774,2767,1118,1649,-228,96,324,11893
2231,"422500","2000JJ00",20047,7501,12546,26647,8801,17858,1.6,3.8,0.3,75.2,85.2,70.3,9952,8054,1898,2849,1211,1638,-255,97,352,12546
2232,"422500","2001JJ00",22546,8287,14259,27608,9342,18231,3.6,6.1,2.1,81.7,88.7,78.2,11113,9071,2042,3411,1307,2104,-265,113,378,14259
2233,"422500","2002JJ00",25633,8911,16722,29151,9697,19440,5.6,3.8,6.6,87.9,91.9,86,12423,10055,2368,4550,1396,3154,-251,129,380,16722
2234,"422500","2003JJ00",27450,9425,18025,30333,10037,20285,4.1,3.5,4.3,90.5,93.9,88.9,13778,11036,2742,4507,1483,3024,-260,137,397,18025
2235,"422500","2004JJ00",29060,9680,19380,32014,10294,21724,5.5,2.6,7.1,90.8,94,89.2,14540,11502,3038,5140,1588,3552,-300,142,442,19380
2236,"422500","2005JJ00",30186,9968,20218,33133,10494,22652,3.5,1.9,4.3,91.1,95,89.3,15231,12101,3130,5240,1705,3535,-253,166,419,20218
2237,"422500","2006JJ00",31737,10321,21416,33958,10827,23141,2.5,3.2,2.2,93.5,95.3,92.5,15866,12582,3284,5894,1821,4073,-344,159,503,21416
2238,"422500","2007JJ00",33255,11016,22239,34769,11501,23266,2.4,6.2,0.5,95.6,95.8,95.6,16767,13347,3420,6455,1936,4519,-983,155,1138,22239
2239,"422500","2008JJ00",36008,12073,23935,37008,12277,24728,6.4,6.8,6.3,97.3,98.3,96.8,17749,14145,3604,7411,2067,5344,-1225,160,1385,23935
2240,"422500","2009JJ00",39331,12709,26622,39708,12893,26817,7.3,5,8.4,99.1,98.6,99.3,18818,14945,3873,9351,2200,7151,-1547,164,1711,26622
2241,"422500","2010JJ00",40979,13138,27841,40979,13138,27841,3.2,1.9,3.8,100,100,100,19374,15374,4000,10135,2339,7796,-1668,157,1825,27841
2242,"422500","2011JJ00",41938,13487,28451,42546,13224,29322,3.8,0.7,5.3,98.6,102,97,20468,16186,4282,9448,2457,6991,-1465,150,1615,28451
2243,"422500","2012JJ00",43499,14410,29089,43132,13910,29196,1.4,5.2,-0.4,100.8,103.6,99.6,21285,16735,4550,9176,2592,6584,-1372,128,1500,29089
2244,"422500","2013JJ00",44751,15006,29745,43244,14262,28944,0.3,2.5,-0.9,103.5,105.2,102.8,21972,17308,4664,9283,2731,6552,-1510,148,1658,29745
2245,"422500","2014JJ00",45228,15149,30079,43548,14430,29078,0.7,1.2,0.5,103.9,105,103.4,22421,17496,4925,9152,2822,6330,-1494,151,1645,30079
2246,"422500","2015JJ00",45655,15556,30099,43849,14554,29255,0.7,0.9,0.6,104.1,106.9,102.9,22710,17975,4735,9146,NA,NA,-1757,148,1905,30099
2247,"425305","1995JJ00",12852,4064,8788,20101,5205,15092,NA,NA,NA,63.9,78.1,58.2,8271,7219,1052,459,942,-483,58,63,5,8788
2248,"425305","1996JJ00",13393,4404,8989,20672,5587,15208,2.8,7.3,0.8,64.8,78.8,59.1,8718,7525,1193,238,986,-748,33,72,39,8989
2249,"425305","1997JJ00",14142,4565,9577,21067,5732,15448,1.9,2.6,1.6,67.1,79.6,62,9049,7785,1264,501,1021,-520,27,85,58,9577
2250,"425305","1998JJ00",15484,4934,10550,22463,6155,16416,6.6,7.4,6.3,68.9,80.2,64.3,9701,7862,1839,833,1059,-226,16,93,77,10550
2251,"425305","1999JJ00",16573,5331,11242,23086,6530,16616,2.8,6.1,1.2,71.8,81.6,67.7,10327,8339,1988,897,1111,-214,18,112,94,11242
2252,"425305","2000JJ00",18276,5964,12312,23925,7051,16878,3.6,8,1.6,76.4,84.6,72.9,11044,8915,2129,1250,1191,59,18,122,104,12312
2253,"425305","2001JJ00",20068,6464,13604,25136,7421,17717,5.1,5.2,5,79.8,87.1,76.8,12195,9794,2401,1401,1268,133,8,139,131,13604
2254,"425305","2002JJ00",22297,6926,15371,26281,7760,18523,4.6,4.6,4.6,84.8,89.3,83,13531,10769,2762,1839,1332,507,1,150,149,15371
2255,"425305","2003JJ00",24069,7315,16754,27319,7989,19338,4,3,4.4,88.1,91.6,86.6,14767,11656,3111,1967,1392,575,20,164,144,16754
2256,"425305","2004JJ00",24304,7335,16969,27093,7978,19120,-0.8,-0.1,-1.1,89.7,91.9,88.8,15249,11969,3280,1746,1474,272,-26,176,202,16969
2257,"425305","2005JJ00",25106,7562,17544,27515,8133,19385,1.6,1.9,1.4,91.2,93,90.5,15596,12258,3338,1925,1566,359,23,189,166,17544
2258,"425305","2006JJ00",26272,7903,18369,28612,8386,20232,4,3.1,4.4,91.8,94.2,90.8,16310,12819,3491,2013,1649,364,46,195,149,18369
2259,"425305","2007JJ00",27315,8339,18976,29175,8711,20463,2,3.9,1.1,93.6,95.7,92.7,17087,13507,3580,1843,1735,108,46,201,155,18976
2260,"425305","2008JJ00",29614,9069,20545,30571,9186,21383,4.8,5.4,4.5,96.9,98.7,96.1,18282,14330,3952,2205,1838,367,58,216,158,20545
2261,"425305","2009JJ00",31359,9461,21898,31927,9567,22359,4.4,4.1,4.6,98.2,98.9,97.9,19160,15015,4145,2688,1950,738,50,224,174,21898
2262,"425305","2010JJ00",32540,9610,22930,32540,9610,22930,1.9,0.5,2.6,100,100,100,20432,15962,4470,2468,2089,379,30,236,206,22930
2263,"425305","2011JJ00",33790,9833,23957,33424,9644,23780,2.7,0.4,3.7,101.1,102,100.7,21037,16427,4610,2853,2191,662,67,251,184,23957
2264,"425305","2012JJ00",35751,10382,25369,33657,10020,23634,0.7,3.9,-0.6,106.2,103.6,107.3,21549,16787,4762,3778,2281,1497,42,218,176,25369
2265,"425305","2013JJ00",36059,10286,25773,33672,9828,23833,0,-1.9,0.8,107.1,104.7,108.1,21829,16976,4853,3845,2378,1467,99,222,123,25773
2266,"425305","2014JJ00",36034,10115,25919,33630,9685,23930,-0.1,-1.4,0.4,107.1,104.4,108.3,21696,16706,4990,4053,2422,1631,170,227,57,25919
2267,"425305","2015JJ00",36193,10156,26037,33686,9720,23953,0.2,0.4,0.1,107.4,104.5,108.7,21386,16639,4747,4506,NA,NA,145,220,75,26037
2268,"300014","1995JJ00",12357,5486,6871,18671,7430,11367,NA,NA,NA,66.2,73.8,60.4,4281,3557,724,2554,757,1797,36,49,13,6871
2269,"300014","1996JJ00",12991,5875,7116,19110,7827,11364,2.4,5.3,0,68,75.1,62.6,4443,3750,693,2679,791,1888,-6,47,53,7116
2270,"300014","1997JJ00",14142,6327,7815,20144,8291,11931,5.4,5.9,5,70.2,76.3,65.5,4696,4021,675,3149,831,2318,-30,54,84,7815
2271,"300014","1998JJ00",15213,6868,8345,21104,8859,12297,4.8,6.9,3.1,72.1,77.5,67.9,5067,4054,1013,3333,893,2440,-55,62,117,8345
2272,"300014","1999JJ00",16416,7505,8911,22216,9463,12788,5.3,6.8,4,73.9,79.3,69.7,5389,4309,1080,3596,969,2627,-74,67,141,8911
2273,"300014","2000JJ00",17737,8160,9577,23094,9889,13234,4,4.5,3.5,76.8,82.5,72.4,5877,4631,1246,3775,1074,2701,-75,72,147,9577
2274,"300014","2001JJ00",19161,8848,10313,23913,10372,13554,3.5,4.9,2.4,80.1,85.3,76.1,6202,4987,1215,4194,1176,3018,-83,80,163,10313
2275,"300014","2002JJ00",20176,9188,10988,24174,10492,13693,1.1,1.2,1,83.5,87.6,80.2,6459,5174,1285,4605,1263,3342,-76,83,159,10988
2276,"300014","2003JJ00",20865,9614,11251,24135,10709,13416,-0.2,2.1,-2,86.4,89.8,83.9,6664,5319,1345,4645,1319,3326,-58,88,146,11251
2277,"300014","2004JJ00",21448,9859,11589,24259,10812,13434,0.5,1,0.1,88.4,91.2,86.3,6809,5440,1369,4833,1374,3459,-53,91,144,11589
2278,"300014","2005JJ00",22119,10201,11918,24608,10897,13701,1.4,0.8,2,89.9,93.6,87,6890,5561,1329,5057,1435,3622,-29,95,124,11918
2279,"300014","2006JJ00",23114,10701,12413,25337,11110,14226,3,2,3.8,91.2,96.3,87.3,7088,5743,1345,5335,1506,3829,-10,102,112,12413
2280,"300014","2007JJ00",24231,11175,13056,26072,11333,14748,2.9,2,3.7,92.9,98.6,88.5,7450,6057,1393,5617,1602,4015,-11,105,116,13056
2281,"300014","2008JJ00",25216,11596,13620,26400,11519,14885,1.3,1.6,0.9,95.5,100.7,91.5,7840,6345,1495,5799,1694,4105,-19,105,124,13620
2282,"300014","2009JJ00",25534,11423,14111,26110,11454,14654,-1.1,-0.6,-1.6,97.8,99.7,96.3,8174,6641,1533,5962,1763,4199,-25,107,132,14111
2283,"300014","2010JJ00",25975,11342,14633,25975,11342,14633,-0.5,-1,-0.1,100,100,100,8416,6844,1572,6241,1809,4432,-24,109,133,14633
2284,"300014","2011JJ00",26621,11597,15024,26138,11347,14791,0.6,0,1.1,101.8,102.2,101.6,8616,6981,1635,6411,1820,4591,-3,109,112,15024
2285,"300014","2012JJ00",26685,11493,15192,25832,11156,14676,-1.2,-1.7,-0.8,103.3,103,103.5,8560,6896,1664,6626,1844,4782,6,98,92,15192
2286,"300014","2013JJ00",26889,11727,15162,25611,11210,14402,-0.9,0.5,-1.9,105,104.6,105.3,8437,6788,1649,6672,1871,4801,53,112,59,15162
2287,"300014","2014JJ00",27488,11841,15647,25734,11349,14386,0.5,1.2,-0.1,106.8,104.3,108.8,8551,6818,1733,7027,1905,5122,69,111,42,15647
2288,"300014","2015JJ00",28069,12015,16054,26070,11592,14484,1.3,2.1,0.7,107.7,103.7,110.8,8490,6847,1643,7495,1960,5535,69,109,40,16054
2289,"428100","1995JJ00",6040,2975,3065,8841,4058,4794,NA,NA,NA,68.3,73.3,63.9,1838,1526,312,1201,400,801,26,29,3,3065
2290,"428100","1996JJ00",6526,3228,3298,9296,4332,4966,5.1,6.8,3.6,70.2,74.5,66.4,1888,1595,293,1394,426,968,16,26,10,3298
2291,"428100","1997JJ00",7245,3501,3744,10013,4624,5395,7.7,6.8,8.6,72.4,75.7,69.4,1986,1699,287,1741,458,1283,17,32,15,3744
2292,"428100","1998JJ00",7808,3839,3969,10507,4982,5520,4.9,7.7,2.3,74.3,77.1,71.9,2154,1726,428,1798,500,1298,17,39,22,3969
2293,"428100","1999JJ00",8501,4228,4273,11190,5368,5813,6.5,7.7,5.3,76,78.8,73.5,2309,1842,467,1947,549,1398,17,40,23,4273
2294,"428100","2000JJ00",9163,4617,4546,11681,5652,6015,4.4,5.3,3.5,78.4,81.7,75.6,2520,1998,522,2013,610,1403,13,39,26,4546
2295,"428100","2001JJ00",10028,5110,4918,12327,6000,6310,5.5,6.2,4.9,81.3,85.2,77.9,2708,2196,512,2192,671,1521,18,46,28,4918
2296,"428100","2002JJ00",10605,5290,5315,12578,6063,6503,2,1.1,3.1,84.3,87.2,81.7,2852,2300,552,2443,717,1726,20,49,29,5315
2297,"428100","2003JJ00",11084,5593,5491,12728,6231,6480,1.2,2.8,-0.4,87.1,89.8,84.7,2986,2401,585,2481,742,1739,24,52,28,5491
2298,"428100","2004JJ00",11411,5687,5724,12847,6260,6570,0.9,0.5,1.4,88.8,90.9,87.1,3011,2414,597,2694,771,1923,19,53,34,5724
2299,"428100","2005JJ00",11770,5853,5917,13019,6288,6716,1.3,0.5,2.2,90.4,93.1,88.1,3058,2472,586,2830,803,2027,29,55,26,5917
2300,"428100","2006JJ00",12423,6193,6230,13607,6482,7116,4.5,3.1,5.9,91.3,95.5,87.6,3139,2560,579,3052,833,2219,39,60,21,6230
2301,"428100","2007JJ00",13025,6443,6582,13983,6601,7377,2.8,1.8,3.7,93.1,97.6,89.2,3309,2695,614,3232,878,2354,41,62,21,6582
2302,"428100","2008JJ00",13454,6609,6845,14079,6635,7440,0.7,0.5,0.9,95.6,99.6,92,3482,2817,665,3326,924,2402,37,60,23,6845
2303,"428100","2009JJ00",13527,6476,7051,13869,6505,7363,-1.5,-2,-1,97.5,99.5,95.8,3570,2901,669,3448,956,2492,33,60,27,7051
2304,"428100","2010JJ00",13774,6431,7343,13774,6431,7343,-0.7,-1.1,-0.3,100,100,100,3621,2925,696,3688,981,2707,34,62,28,7343
2305,"428100","2011JJ00",14168,6622,7546,13911,6439,7472,1,0.1,1.8,101.8,102.8,101,3647,2939,708,3862,994,2868,37,63,26,7546
2306,"428100","2012JJ00",14201,6568,7633,13672,6309,7364,-1.7,-2,-1.4,103.9,104.1,103.7,3652,2923,729,3947,1014,2933,34,58,24,7633
2307,"428100","2013JJ00",14313,6669,7644,13548,6328,7220,-0.9,0.3,-2,105.6,105.4,105.9,3592,2869,723,3993,1040,2953,59,71,12,7644
2308,"428100","2014JJ00",14749,6739,8010,13686,6403,7284,1,1.2,0.9,107.8,105.2,110,3661,2898,763,4291,1075,3216,58,73,15,8010
2309,"428100","2015JJ00",15088,6808,8280,13774,6481,7295,0.6,1.2,0.1,109.5,105,113.5,3646,2921,725,4579,NA,NA,55,69,14,8280
2310,"900048","1995JJ00",3811,1742,2069,5442,2375,3061,NA,NA,NA,70,73.4,67.6,1024,840,184,1028,268,760,17,20,3,2069
2311,"900048","1996JJ00",4145,1860,2285,5769,2484,3281,6,4.6,7.2,71.8,74.9,69.6,1055,881,174,1218,288,930,12,18,6,2285
2312,"900048","1997JJ00",4529,2025,2504,6133,2664,3462,6.3,7.3,5.5,73.9,76,72.3,1105,935,170,1388,314,1074,11,20,9,2504
2313,"900048","1998JJ00",4862,2167,2695,6447,2823,3616,5.1,6,4.4,75.4,76.8,74.5,1193,942,251,1490,348,1142,12,24,12,2695
2314,"900048","1999JJ00",5289,2337,2952,6894,2986,3900,6.9,5.8,7.9,76.7,78.3,75.7,1291,1013,278,1646,385,1261,15,26,11,2952
2315,"900048","2000JJ00",5674,2520,3154,7184,3120,4056,4.2,4.5,4,79,80.8,77.8,1412,1099,313,1730,428,1302,12,26,14,3154
2316,"900048","2001JJ00",6218,2769,3449,7615,3299,4308,6,5.7,6.2,81.7,83.9,80.1,1538,1230,308,1895,472,1423,16,31,15,3449
2317,"900048","2002JJ00",6619,2907,3712,7874,3382,4485,3.4,2.5,4.1,84.1,86,82.8,1636,1301,335,2061,507,1554,15,33,18,3712
2318,"900048","2003JJ00",6853,3011,3842,7915,3405,4502,0.5,0.7,0.4,86.6,88.4,85.3,1688,1339,349,2137,526,1611,17,35,18,3842
2319,"900048","2004JJ00",7142,3038,4104,7999,3388,4605,1.1,-0.5,2.3,89.3,89.7,89.1,1710,1351,359,2382,548,1834,12,35,23,4104
2320,"900048","2005JJ00",7291,3101,4190,8074,3382,4687,0.9,-0.2,1.8,90.3,91.7,89.4,1719,1371,348,2451,572,1879,20,37,17,4190
2321,"900048","2006JJ00",7664,3297,4367,8492,3500,4987,5.2,3.5,6.4,90.3,94.2,87.6,1766,1420,346,2575,592,1983,26,39,13,4367
2322,"900048","2007JJ00",8032,3441,4591,8754,3583,5169,3.1,2.4,3.6,91.8,96,88.8,1872,1503,369,2691,622,2069,28,41,13,4591
2323,"900048","2008JJ00",8188,3510,4678,8621,3549,5069,-1.5,-1,-1.9,95,98.9,92.3,1944,1547,397,2710,654,2056,24,39,15,4678
2324,"900048","2009JJ00",8135,3389,4746,8345,3399,4945,-3.2,-4.2,-2.4,97.5,99.7,96,1996,1592,404,2731,673,2058,19,37,18,4746
2325,"900048","2010JJ00",8212,3317,4895,8212,3317,4895,-1.6,-2.4,-1,100,100,100,1996,1582,414,2879,681,2198,20,39,19,4895
2326,"900048","2011JJ00",8464,3423,5041,8290,3328,4962,0.9,0.3,1.4,102.1,102.9,101.6,2004,1585,419,3016,683,2333,21,39,18,5041
2327,"900048","2012JJ00",8364,3351,5013,8038,3231,4807,-3,-2.9,-3.1,104.1,103.7,104.3,2013,1580,433,2980,689,2291,20,36,16,5013
2328,"900048","2013JJ00",8474,3419,5055,7964,3260,4705,-0.9,0.9,-2.1,106.4,104.9,107.4,1940,1522,418,3085,699,2386,30,38,8,5055
2329,"900048","2014JJ00",8825,3496,5329,8115,3330,4785,1.9,2.2,1.7,108.8,105,111.4,1969,1529,440,3334,719,2615,26,37,11,5329
2330,"900048","2015JJ00",9045,3538,5507,8155,3360,4797,0.5,0.9,0.2,110.9,105.3,114.8,1959,1543,416,3521,NA,NA,27,37,10,5507
2331,"431100","1995JJ00",2229,1233,996,3405,1686,1769,NA,NA,NA,65.5,73.1,56.3,814,686,128,173,132,41,9,9,0,996
2332,"431100","1996JJ00",2381,1368,1013,3530,1851,1700,3.7,9.8,-3.9,67.4,73.9,59.6,833,714,119,176,138,38,4,8,4,1013
2333,"431100","1997JJ00",2716,1476,1240,3889,1964,1967,10.2,6.1,15.7,69.8,75.2,63,881,764,117,353,144,209,6,12,6,1240
2334,"431100","1998JJ00",2946,1672,1274,4069,2163,1929,4.6,10.2,-1.9,72.4,77.3,66.1,961,784,177,308,152,156,5,15,10,1274
2335,"431100","1999JJ00",3212,1891,1321,4304,2386,1926,5.8,10.3,-0.2,74.6,79.3,68.6,1018,829,189,301,164,137,2,14,12,1321
2336,"431100","2000JJ00",3489,2097,1392,4505,2536,1971,4.7,6.3,2.3,77.4,82.7,70.6,1108,899,209,283,182,101,1,13,12,1392
2337,"431100","2001JJ00",3810,2341,1469,4721,2705,2009,4.8,6.7,1.9,80.7,86.5,73.1,1170,966,204,297,199,98,2,15,13,1469
2338,"431100","2002JJ00",3986,2383,1603,4711,2687,2020,-0.2,-0.7,0.5,84.6,88.7,79.4,1216,999,217,382,210,172,5,16,11,1603
2339,"431100","2003JJ00",4231,2582,1649,4821,2829,1979,2.3,5.3,-2.1,87.8,91.3,83.3,1298,1062,236,344,216,128,7,17,10,1649
2340,"431100","2004JJ00",4269,2649,1620,4855,2874,1965,0.7,1.6,-0.7,87.9,92.2,82.4,1301,1063,238,312,223,89,7,18,11,1620
2341,"431100","2005JJ00",4479,2752,1727,4953,2908,2031,2,1.2,3.3,90.4,94.6,85,1339,1101,238,379,231,148,9,18,9,1727
2342,"431100","2006JJ00",4759,2896,1863,5124,2984,2130,3.5,2.6,4.9,92.9,97.1,87.5,1373,1140,233,477,241,236,13,21,8,1863
2343,"431100","2007JJ00",4993,3002,1991,5238,3021,2210,2.2,1.2,3.8,95.3,99.4,90.1,1437,1192,245,541,256,285,13,21,8,1991
2344,"431100","2008JJ00",5266,3099,2167,5460,3087,2371,4.2,2.2,7.3,96.5,100.4,91.4,1538,1270,268,616,270,346,13,21,8,2167
2345,"431100","2009JJ00",5392,3087,2305,5524,3106,2418,1.2,0.6,2,97.6,99.4,95.3,1574,1309,265,717,283,434,14,23,9,2305
2346,"431100","2010JJ00",5562,3114,2448,5562,3114,2448,0.7,0.3,1.3,100,100,100,1625,1343,282,809,300,509,14,23,9,2448
2347,"431100","2011JJ00",5704,3199,2505,5621,3111,2510,1.1,-0.1,2.5,101.5,102.8,99.8,1643,1354,289,846,311,535,16,24,8,2505
2348,"431100","2012JJ00",5837,3217,2620,5635,3078,2558,0.2,-1.1,1.9,103.6,104.5,102.4,1639,1343,296,967,325,642,14,22,8,2620
2349,"431100","2013JJ00",5839,3250,2589,5585,3068,2517,-0.9,-0.3,-1.6,104.6,105.9,102.9,1652,1347,305,908,341,567,29,33,4,2589
2350,"431100","2014JJ00",5924,3243,2681,5571,3073,2499,-0.2,0.2,-0.7,106.3,105.5,107.3,1692,1369,323,957,356,601,32,36,4,2681
2351,"431100","2015JJ00",6043,3270,2773,5618,3121,2498,0.8,1.6,0,107.6,104.8,111,1687,1378,309,1058,NA,NA,28,32,4,2773
2352,"435500","1995JJ00",6296,2511,3785,9872,3370,6648,NA,NA,NA,63.8,74.5,56.9,2422,2013,409,1353,357,996,10,20,10,3785
2353,"435500","1996JJ00",6442,2647,3795,9839,3494,6450,-0.3,3.7,-3,65.5,75.8,58.8,2532,2135,397,1285,365,920,-22,21,43,3795
2354,"435500","1997JJ00",6873,2826,4047,10143,3665,6567,3.1,4.9,1.8,67.8,77.1,61.6,2686,2300,386,1408,373,1035,-47,22,69,4047
2355,"435500","1998JJ00",7359,3029,4330,10572,3877,6775,4.2,5.8,3.2,69.6,78.1,63.9,2867,2285,582,1535,393,1142,-72,23,95,4330
2356,"435500","1999JJ00",7858,3277,4581,10980,4096,6952,3.9,5.6,2.6,71.6,80,65.9,3023,2413,610,1649,420,1229,-91,27,118,4581
2357,"435500","2000JJ00",8503,3543,4960,11349,4238,7179,3.4,3.5,3.3,74.9,83.6,69.1,3286,2566,720,1762,464,1298,-88,33,121,4960
2358,"435500","2001JJ00",9044,3738,5306,11492,4375,7169,1.3,3.2,-0.1,78.7,85.4,74,3405,2707,698,2002,505,1497,-101,34,135,5306
2359,"435500","2002JJ00",9460,3898,5562,11476,4432,7085,-0.1,1.3,-1.2,82.4,88,78.5,3496,2769,727,2162,546,1616,-96,34,130,5562
2360,"435500","2003JJ00",9635,4021,5614,11245,4482,6787,-2,1.1,-4.2,85.7,89.7,82.7,3532,2780,752,2164,577,1587,-82,36,118,5614
2361,"435500","2004JJ00",9841,4172,5669,11195,4555,6656,-0.4,1.6,-1.9,87.9,91.6,85.2,3602,2841,761,2139,603,1536,-72,38,110,5669
2362,"435500","2005JJ00",10119,4348,5771,11334,4612,6738,1.2,1.2,1.2,89.3,94.3,85.7,3602,2872,730,2227,632,1595,-58,40,98,5771
2363,"435500","2006JJ00",10419,4508,5911,11432,4632,6818,0.9,0.4,1.2,91.1,97.3,86.7,3677,2927,750,2283,673,1610,-49,42,91,5911
2364,"435500","2007JJ00",10923,4732,6191,11785,4736,7072,3.1,2.2,3.7,92.7,99.9,87.5,3858,3095,763,2385,724,1661,-52,43,95,6191
2365,"435500","2008JJ00",11440,4987,6453,11987,4886,7115,1.7,3.2,0.6,95.4,102.1,90.7,4036,3225,811,2473,770,1703,-56,45,101,6453
2366,"435500","2009JJ00",11631,4947,6684,11862,4949,6913,-1,1.3,-2.9,98.1,100,96.7,4228,3386,842,2514,807,1707,-58,47,105,6684
2367,"435500","2010JJ00",11776,4911,6865,11776,4911,6865,-0.7,-0.8,-0.7,100,100,100,4370,3517,853,2553,828,1725,-58,47,105,6865
2368,"435500","2011JJ00",12008,4975,7033,11786,4908,6878,0.1,-0.1,0.2,101.9,101.4,102.3,4524,3620,904,2549,826,1723,-40,46,86,7033
2369,"435500","2012JJ00",11998,4925,7073,11685,4848,6837,-0.9,-1.2,-0.6,102.7,101.6,103.5,4422,3512,910,2679,830,1849,-28,40,68,7073
2370,"435500","2013JJ00",12094,5058,7036,11594,4882,6713,-0.8,0.7,-1.8,104.3,103.6,104.8,4363,3461,902,2679,831,1848,-6,41,47,7036
2371,"435500","2014JJ00",12255,5102,7153,11580,4947,6635,-0.1,1.3,-1.2,105.8,103.1,107.8,4406,3459,947,2736,830,1906,11,38,27,7153
2372,"435500","2015JJ00",12490,5207,7283,11831,5113,6723,2.2,3.4,1.3,105.6,101.8,108.3,4353,3458,895,2916,NA,NA,14,40,26,7283
2373,"435600","1995JJ00",2938,1062,1876,4187,1486,2714,NA,NA,NA,70.2,71.5,69.1,1620,1321,299,246,178,68,10,11,1,1876
2374,"435600","1996JJ00",3075,1153,1922,4279,1573,2718,2.2,5.8,0.2,71.9,73.3,70.7,1683,1394,289,246,180,66,-7,12,19,1922
2375,"435600","1997JJ00",3305,1264,2041,4402,1683,2728,2.9,7,0.4,75.1,75.1,74.8,1758,1480,278,298,181,117,-15,12,27,2041
2376,"435600","1998JJ00",3506,1355,2151,4568,1775,2803,3.8,5.5,2.7,76.7,76.3,76.7,1875,1487,388,301,187,114,-25,13,38,2151
2377,"435600","1999JJ00",3702,1473,2229,4784,1883,2912,4.7,6.1,3.9,77.4,78.2,76.5,2012,1589,423,248,197,51,-31,16,47,2229
2378,"435600","2000JJ00",4033,1609,2424,5034,1954,3091,5.2,3.8,6.1,80.1,82.3,78.4,2200,1702,498,251,214,37,-27,19,46,2424
2379,"435600","2001JJ00",4294,1704,2590,5132,2031,3112,2,3.9,0.7,83.7,83.9,83.2,2305,1815,490,319,234,85,-34,19,53,2590
2380,"435600","2002JJ00",4477,1784,2693,5173,2057,3126,0.8,1.3,0.5,86.5,86.7,86.1,2362,1847,515,365,257,108,-34,19,53,2693
2381,"435600","2003JJ00",4590,1856,2734,5111,2090,3030,-1.2,1.6,-3.1,89.8,88.8,90.2,2379,1845,534,382,273,109,-27,21,48,2734
2382,"435600","2004JJ00",4761,1986,2775,5166,2168,3009,1.1,3.7,-0.7,92.2,91.6,92.2,2403,1869,534,393,284,109,-21,22,43,2775
2383,"435600","2005JJ00",4912,2105,2807,5291,2213,3089,2.4,2.1,2.7,92.8,95.1,90.9,2402,1888,514,415,293,122,-10,24,34,2807
2384,"435600","2006JJ00",5103,2217,2886,5409,2230,3191,2.2,0.8,3.3,94.3,99.4,90.4,2467,1928,539,424,306,118,-5,25,30,2886
2385,"435600","2007JJ00",5340,2348,2992,5663,2284,3397,4.7,2.4,6.4,94.3,102.8,88.1,2584,2045,539,417,325,92,-9,24,33,2992
2386,"435600","2008JJ00",5630,2541,3089,5813,2422,3396,2.6,6,0,96.9,104.9,91,2680,2114,566,422,339,83,-13,26,39,3089
2387,"435600","2009JJ00",5877,2549,3328,5972,2529,3442,2.7,4.4,1.4,98.4,100.8,96.7,2853,2251,602,489,350,139,-14,27,41,3328
2388,"435600","2010JJ00",5939,2499,3440,5939,2499,3440,-0.5,-1.2,-0.1,100,100,100,2944,2345,599,508,365,143,-12,27,39,3440
2389,"435600","2011JJ00",6053,2500,3553,5910,2454,3456,-0.5,-1.8,0.5,102.4,101.9,102.8,3065,2428,637,497,374,123,-9,26,35,3553
2390,"435600","2012JJ00",6039,2483,3556,5894,2462,3433,-0.3,0.3,-0.7,102.5,100.9,103.6,2969,2333,636,595,387,208,-8,22,30,3556
2391,"435600","2013JJ00",6103,2591,3512,5825,2469,3357,-1.2,0.3,-2.2,104.8,105,104.6,2904,2284,620,600,402,198,8,24,16,3512
2392,"435600","2014JJ00",6185,2616,3569,5831,2503,3329,0.1,1.4,-0.9,106.1,104.5,107.2,2950,2298,652,603,415,188,16,23,7,3569
2393,"435600","2015JJ00",6091,2615,3476,5878,2557,3323,0.8,2.1,-0.2,103.6,102.3,104.6,2899,2287,612,560,NA,NA,17,24,7,3476
2394,"437500","1995JJ00",568,253,315,833,333,520,NA,NA,NA,68.2,76.1,60.6,97,84,13,216,21,195,2,2,0,315
2395,"437500","1996JJ00",566,269,297,809,355,465,-2.8,6.7,-10.5,69.9,75.8,63.8,104,90,14,192,22,170,1,2,1,297
2396,"437500","1997JJ00",589,300,289,817,390,431,0.9,10,-7.4,72.1,76.8,67.1,110,97,13,179,23,156,0,2,2,289
2397,"437500","1998JJ00",615,316,299,840,406,438,2.9,4,1.7,73.2,77.8,68.2,123,101,22,176,26,150,0,2,2,299
2398,"437500","1999JJ00",640,342,298,855,431,427,1.8,6,-2.7,74.8,79.4,69.8,137,112,25,163,30,133,-2,2,4,298
2399,"437500","2000JJ00",679,368,311,871,444,428,1.9,3.2,0.3,77.9,82.8,72.6,150,121,29,163,34,129,-2,2,4,311
2400,"437500","2001JJ00",697,373,324,849,435,416,-2.5,-2.2,-2.9,82.1,85.8,77.9,157,129,28,169,38,131,-2,2,4,324
2401,"437500","2002JJ00",677,358,319,803,413,391,-5.5,-5.1,-5.9,84.3,86.8,81.5,159,129,30,161,40,121,-1,2,3,319
2402,"437500","2003JJ00",671,346,325,778,394,385,-3.1,-4.5,-1.6,86.2,87.8,84.4,161,130,31,165,41,124,-1,2,3,325
2403,"437500","2004JJ00",680,348,332,779,388,392,0.1,-1.4,1.8,87.3,89.6,84.6,159,129,30,174,42,132,-1,2,3,332
2404,"437500","2005JJ00",681,362,319,767,394,373,-1.6,1.4,-4.8,88.8,91.9,85.4,159,130,29,160,43,117,0,2,2,319
2405,"437500","2006JJ00",726,388,338,800,411,390,4.4,4.4,4.4,90.7,94.3,86.7,164,135,29,173,46,127,1,2,1,338
2406,"437500","2007JJ00",766,413,353,814,425,389,1.7,3.4,-0.3,94.1,97.1,90.8,174,143,31,178,50,128,1,3,2,353
2407,"437500","2008JJ00",800,419,381,832,430,402,2.2,1.2,3.4,96.2,97.4,94.8,186,151,35,194,54,140,1,3,2,381
2408,"437500","2009JJ00",764,401,363,777,412,365,-6.6,-4.3,-9.2,98.4,97.4,99.5,171,141,30,191,57,134,1,3,2,363
2409,"437500","2010JJ00",797,417,380,797,417,380,2.6,1.2,4.1,100,100,100,175,144,31,204,59,145,1,3,2,380
2410,"437500","2011JJ00",835,434,401,827,432,395,3.8,3.6,3.9,101,100.5,101.5,176,144,32,222,55,167,3,3,0,401
2411,"437500","2012JJ00",852,436,416,836,427,409,1.1,-1.2,3.5,101.9,102.1,101.8,176,142,34,239,53,186,1,2,1,416
2412,"437500","2013JJ00",843,414,429,820,406,414,-1.9,-4.8,1.2,102.8,101.9,103.7,165,133,32,263,50,213,1,2,1,429
2413,"437500","2014JJ00",882,452,430,847,445,403,3.3,9.4,-2.6,104.1,101.6,106.7,160,126,34,268,47,221,2,2,0,430
2414,"437500","2015JJ00",939,482,457,892,476,416,5.2,7.1,3.3,105.3,101.2,109.8,166,133,33,290,NA,NA,1,2,1,457
2415,"438600","1995JJ00",2790,1196,1594,4917,1553,3497,NA,NA,NA,56.7,77,45.6,705,608,97,891,158,733,-2,7,9,1594
2416,"438600","1996JJ00",2801,1225,1576,4794,1570,3314,-2.5,1.1,-5.2,58.4,78,47.5,745,651,94,847,163,684,-16,7,23,1576
2417,"438600","1997JJ00",2979,1262,1717,4975,1598,3491,3.8,1.8,5.3,59.9,79,49.2,818,723,95,931,169,762,-32,8,40,1717
2418,"438600","1998JJ00",3238,1358,1880,5224,1702,3627,5,6.5,3.9,62,79.8,51.8,869,697,172,1058,180,878,-47,8,55,1880
2419,"438600","1999JJ00",3516,1462,2054,5397,1790,3699,3.3,5.2,2,65.2,81.7,55.5,874,712,162,1238,193,1045,-58,9,67,2054
2420,"438600","2000JJ00",3791,1566,2225,5487,1847,3720,1.7,3.2,0.6,69.1,84.8,59.8,936,743,193,1348,216,1132,-59,12,71,2225
2421,"438600","2001JJ00",4053,1661,2392,5552,1917,3697,1.2,3.8,-0.6,73,86.7,64.7,943,763,180,1514,233,1281,-65,13,78,2392
2422,"438600","2002JJ00",4306,1756,2550,5540,1970,3612,-0.2,2.8,-2.3,77.7,89.1,70.6,975,793,182,1636,249,1387,-61,13,74,2550
2423,"438600","2003JJ00",4374,1819,2555,5392,2005,3405,-2.7,1.8,-5.7,81.1,90.7,75,992,805,187,1617,263,1354,-54,13,67,2555
2424,"438600","2004JJ00",4400,1838,2562,5276,2007,3277,-2.1,0.1,-3.8,83.4,91.6,78.2,1040,843,197,1572,277,1295,-50,14,64,2562
2425,"438600","2005JJ00",4526,1881,2645,5298,2013,3293,0.4,0.3,0.5,85.4,93.4,80.3,1041,854,187,1652,296,1356,-48,14,62,2645
2426,"438600","2006JJ00",4590,1903,2687,5238,1999,3245,-1.1,-0.7,-1.4,87.6,95.2,82.8,1046,864,182,1686,321,1365,-45,15,60,2687
2427,"438600","2007JJ00",4817,1971,2846,5317,2035,3288,1.5,1.8,1.3,90.6,96.8,86.6,1100,907,193,1790,349,1441,-44,16,60,2846
2428,"438600","2008JJ00",5010,2027,2983,5350,2038,3319,0.6,0.2,0.9,93.6,99.4,89.9,1170,960,210,1857,377,1480,-44,16,60,2983
2429,"438600","2009JJ00",4990,1997,2993,5114,2008,3106,-4.4,-1.5,-6.4,97.6,99.4,96.4,1204,994,210,1834,400,1434,-45,17,62,2993
2430,"438600","2010JJ00",5040,1995,3045,5040,1995,3045,-1.4,-0.7,-2,100,100,100,1251,1028,223,1841,404,1437,-47,17,64,3045
2431,"438600","2011JJ00",5120,2041,3079,5049,2022,3027,0.2,1.4,-0.6,101.4,100.9,101.7,1283,1048,235,1830,397,1433,-34,17,51,3079
2432,"438600","2012JJ00",5107,2006,3101,4954,1959,2996,-1.9,-3.1,-1,103.1,102.4,103.5,1277,1037,240,1845,390,1455,-21,16,37,3101
2433,"438600","2013JJ00",5148,2053,3095,4949,2006,2942,-0.1,2.4,-1.8,104,102.3,105.2,1294,1044,250,1816,379,1437,-15,15,30,3095
2434,"438600","2014JJ00",5188,2034,3154,4901,1999,2903,-1,-0.4,-1.3,105.8,101.8,108.6,1296,1035,261,1865,368,1497,-7,13,20,3154
2435,"438600","2015JJ00",5460,2110,3350,5062,2080,2984,3.3,4.1,2.8,107.9,101.4,112.3,1288,1038,250,2066,NA,NA,-4,14,18,3350
2436,"440000","1995JJ00",21,0,21,27,NA,27,NA,NA,NA,77.1,NA,77.1,21,18,3,0,0,0,0,0,0,21
2437,"440000","1996JJ00",23,0,23,29,NA,29,4.8,NA,4.8,80.6,NA,80.6,23,20,3,0,0,0,0,0,0,23
2438,"440000","1997JJ00",24,0,24,30,NA,30,4.3,NA,4.3,80.6,NA,80.6,24,22,2,0,0,0,0,0,0,24
2439,"440000","1998JJ00",46,0,46,61,NA,61,104.2,NA,104.2,75.7,NA,75.7,46,43,3,0,0,0,0,0,0,46
2440,"440000","1999JJ00",57,0,57,74,NA,74,21.7,NA,21.7,77,NA,77,57,54,3,0,0,0,0,0,0,57
2441,"440000","2000JJ00",71,0,71,90,NA,90,21.1,NA,21.1,79.2,NA,79.2,71,67,4,0,0,0,0,0,0,71
2442,"440000","2001JJ00",89,0,89,109,NA,109,21.1,NA,21.1,82,NA,82,89,84,5,0,0,0,0,0,0,89
2443,"440000","2002JJ00",111,0,111,130,NA,130,20.2,NA,20.2,85.1,NA,85.1,111,105,6,0,0,0,0,0,0,111
2444,"440000","2003JJ00",146,0,146,167,NA,167,27.9,NA,27.9,87.5,NA,87.5,146,138,8,0,0,0,0,0,0,146
2445,"440000","2004JJ00",196,0,196,221,NA,221,32.2,NA,32.2,88.8,NA,88.8,196,185,11,0,0,0,0,0,0,196
2446,"440000","2005JJ00",230,0,230,258,NA,258,16.8,NA,16.8,89.2,NA,89.2,230,217,13,0,0,0,0,0,0,230
2447,"440000","2006JJ00",272,0,272,298,NA,298,15.7,NA,15.7,91.2,NA,91.2,272,256,16,0,0,0,0,0,0,272
2448,"440000","2007JJ00",283,0,283,305,NA,305,2.2,NA,2.2,92.9,NA,92.9,283,267,16,0,0,0,0,0,0,283
2449,"440000","2008JJ00",322,0,322,335,NA,335,9.9,NA,9.9,96.2,NA,96.2,322,303,19,0,0,0,0,0,0,322
2450,"440000","2009JJ00",376,0,376,380,NA,380,13.4,NA,13.4,99.1,NA,99.1,376,354,22,0,0,0,0,0,0,376
2451,"440000","2010JJ00",425,0,425,425,NA,425,12,NA,12,100,NA,100,425,402,23,0,0,0,0,0,0,425
2452,"440000","2011JJ00",445,0,445,441,NA,441,3.8,NA,3.8,100.9,NA,100.9,445,422,23,0,0,0,0,0,0,445
2453,"440000","2012JJ00",486,0,486,475,NA,475,7.6,NA,7.6,102.4,NA,102.4,486,461,25,0,0,0,0,0,0,486
2454,"440000","2013JJ00",482,0,482,469,NA,469,-1.2,NA,-1.2,102.8,NA,102.8,482,458,24,0,0,0,0,0,0,482
2455,"440000","2014JJ00",484,0,484,467,NA,467,-0.4,NA,-0.4,103.7,NA,103.7,484,461,23,0,0,0,0,0,0,484
2456,"440000","2015JJ00",491,0,491,466,NA,466,-0.2,NA,-0.2,105.4,NA,105.4,491,468,23,0,NA,NA,0,0,0,491
2457,"440100","1995JJ00",21,0,21,27,NA,27,NA,NA,NA,77.1,NA,77.1,21,18,3,0,0,0,0,0,0,21
2458,"440100","1996JJ00",23,0,23,29,NA,29,4.8,NA,4.8,80.6,NA,80.6,23,20,3,0,0,0,0,0,0,23
2459,"440100","1997JJ00",24,0,24,30,NA,30,4.3,NA,4.3,80.6,NA,80.6,24,22,2,0,0,0,0,0,0,24
2460,"440100","1998JJ00",46,0,46,61,NA,61,104.2,NA,104.2,75.7,NA,75.7,46,43,3,0,0,0,0,0,0,46
2461,"440100","1999JJ00",57,0,57,74,NA,74,21.7,NA,21.7,77,NA,77,57,54,3,0,0,0,0,0,0,57
2462,"440100","2000JJ00",71,0,71,90,NA,90,21.1,NA,21.1,79.2,NA,79.2,71,67,4,0,0,0,0,0,0,71
2463,"440100","2001JJ00",89,0,89,109,NA,109,21.1,NA,21.1,82,NA,82,89,84,5,0,0,0,0,0,0,89
2464,"440100","2002JJ00",111,0,111,130,NA,130,20.2,NA,20.2,85.1,NA,85.1,111,105,6,0,0,0,0,0,0,111
2465,"440100","2003JJ00",146,0,146,167,NA,167,27.9,NA,27.9,87.5,NA,87.5,146,138,8,0,0,0,0,0,0,146
2466,"440100","2004JJ00",196,0,196,221,NA,221,32.2,NA,32.2,88.8,NA,88.8,196,185,11,0,0,0,0,0,0,196
2467,"440100","2005JJ00",230,0,230,258,NA,258,16.8,NA,16.8,89.2,NA,89.2,230,217,13,0,0,0,0,0,0,230
2468,"440100","2006JJ00",272,0,272,298,NA,298,15.7,NA,15.7,91.2,NA,91.2,272,256,16,0,0,0,0,0,0,272
2469,"440100","2007JJ00",283,0,283,305,NA,305,2.2,NA,2.2,92.9,NA,92.9,283,267,16,0,0,0,0,0,0,283
2470,"440100","2008JJ00",322,0,322,335,NA,335,9.9,NA,9.9,96.2,NA,96.2,322,303,19,0,0,0,0,0,0,322
2471,"440100","2009JJ00",376,0,376,380,NA,380,13.4,NA,13.4,99.1,NA,99.1,376,354,22,0,0,0,0,0,0,376
2472,"440100","2010JJ00",425,0,425,425,NA,425,12,NA,12,100,NA,100,425,402,23,0,0,0,0,0,0,425
2473,"440100","2011JJ00",445,0,445,441,NA,441,3.8,NA,3.8,100.9,NA,100.9,445,422,23,0,0,0,0,0,0,445
2474,"440100","2012JJ00",486,0,486,475,NA,475,7.6,NA,7.6,102.4,NA,102.4,486,461,25,0,0,0,0,0,0,486
2475,"440100","2013JJ00",482,0,482,469,NA,469,-1.2,NA,-1.2,102.8,NA,102.8,482,458,24,0,0,0,0,0,0,482
2476,"440100","2014JJ00",484,0,484,467,NA,467,-0.4,NA,-0.4,103.7,NA,103.7,484,461,23,0,0,0,0,0,0,484
2477,"440100","2015JJ00",491,0,491,466,NA,466,-0.2,NA,-0.2,105.4,NA,105.4,491,468,23,0,NA,NA,0,0,0,491
2478,"441000","1995JJ00",0,0,0,NA,NA,NA,NA,NA,NA,NA,NA,NA,0,0,0,0,0,0,0,0,0,0
2479,"441000","1996JJ00",0,0,0,NA,NA,NA,NA,NA,NA,NA,NA,NA,0,0,0,0,0,0,0,0,0,0
2480,"441000","1997JJ00",0,0,0,NA,NA,NA,NA,NA,NA,NA,NA,NA,0,0,0,0,0,0,0,0,0,0
2481,"441000","1998JJ00",0,0,0,NA,NA,NA,NA,NA,NA,NA,NA,NA,0,0,0,0,0,0,0,0,0,0
2482,"441000","1999JJ00",0,0,0,NA,NA,NA,NA,NA,NA,NA,NA,NA,0,0,0,0,0,0,0,0,0,0
2483,"441000","2000JJ00",0,0,0,NA,NA,NA,NA,NA,NA,NA,NA,NA,0,0,0,0,0,0,0,0,0,0
2484,"441000","2001JJ00",0,0,0,NA,NA,NA,NA,NA,NA,NA,NA,NA,0,0,0,0,0,0,0,0,0,0
2485,"441000","2002JJ00",0,0,0,NA,NA,NA,NA,NA,NA,NA,NA,NA,0,0,0,0,0,0,0,0,0,0
2486,"441000","2003JJ00",0,0,0,NA,NA,NA,NA,NA,NA,NA,NA,NA,0,0,0,0,0,0,0,0,0,0
2487,"441000","2004JJ00",0,0,0,NA,NA,NA,NA,NA,NA,NA,NA,NA,0,0,0,0,0,0,0,0,0,0
2488,"441000","2005JJ00",0,0,0,NA,NA,NA,NA,NA,NA,NA,NA,NA,0,0,0,0,0,0,0,0,0,0
2489,"441000","2006JJ00",0,0,0,NA,NA,NA,NA,NA,NA,NA,NA,NA,0,0,0,0,0,0,0,0,0,0
2490,"441000","2007JJ00",0,0,0,NA,NA,NA,NA,NA,NA,NA,NA,NA,0,0,0,0,0,0,0,0,0,0
2491,"441000","2008JJ00",0,0,0,NA,NA,NA,NA,NA,NA,NA,NA,NA,0,0,0,0,0,0,0,0,0,0
2492,"441000","2009JJ00",0,0,0,NA,NA,NA,NA,NA,NA,NA,NA,NA,0,0,0,0,0,0,0,0,0,0
2493,"441000","2010JJ00",0,0,0,NA,NA,NA,NA,NA,NA,NA,NA,NA,0,0,0,0,0,0,0,0,0,0
2494,"441000","2011JJ00",0,0,0,NA,NA,NA,NA,NA,NA,NA,NA,NA,0,0,0,0,0,0,0,0,0,0
2495,"441000","2012JJ00",0,0,0,NA,NA,NA,NA,NA,NA,NA,NA,NA,0,0,0,0,0,0,0,0,0,0
2496,"441000","2013JJ00",0,0,0,NA,NA,NA,NA,NA,NA,NA,NA,NA,0,0,0,0,0,0,0,0,0,0
2497,"441000","2014JJ00",0,0,0,NA,NA,NA,NA,NA,NA,NA,NA,NA,0,0,0,0,0,0,0,0,0,0
2498,"441000","2015JJ00",0,0,0,NA,NA,NA,NA,NA,NA,NA,NA,NA,0,0,0,0,NA,NA,0,0,0,0
2499,"440900","1995JJ00",0,0,0,NA,NA,NA,NA,NA,NA,NA,NA,NA,0,0,0,0,0,0,0,0,0,0
2500,"440900","1996JJ00",0,0,0,NA,NA,NA,NA,NA,NA,NA,NA,NA,0,0,0,0,0,0,0,0,0,0
2501,"440900","1997JJ00",0,0,0,NA,NA,NA,NA,NA,NA,NA,NA,NA,0,0,0,0,0,0,0,0,0,0
2502,"440900","1998JJ00",0,0,0,NA,NA,NA,NA,NA,NA,NA,NA,NA,0,0,0,0,0,0,0,0,0,0
2503,"440900","1999JJ00",0,0,0,NA,NA,NA,NA,NA,NA,NA,NA,NA,0,0,0,0,0,0,0,0,0,0
2504,"440900","2000JJ00",0,0,0,NA,NA,NA,NA,NA,NA,NA,NA,NA,0,0,0,0,0,0,0,0,0,0
2505,"440900","2001JJ00",0,0,0,NA,NA,NA,NA,NA,NA,NA,NA,NA,0,0,0,0,0,0,0,0,0,0
2506,"440900","2002JJ00",0,0,0,NA,NA,NA,NA,NA,NA,NA,NA,NA,0,0,0,0,0,0,0,0,0,0
2507,"440900","2003JJ00",0,0,0,NA,NA,NA,NA,NA,NA,NA,NA,NA,0,0,0,0,0,0,0,0,0,0
2508,"440900","2004JJ00",0,0,0,NA,NA,NA,NA,NA,NA,NA,NA,NA,0,0,0,0,0,0,0,0,0,0
2509,"440900","2005JJ00",0,0,0,NA,NA,NA,NA,NA,NA,NA,NA,NA,0,0,0,0,0,0,0,0,0,0
2510,"440900","2006JJ00",0,0,0,NA,NA,NA,NA,NA,NA,NA,NA,NA,0,0,0,0,0,0,0,0,0,0
2511,"440900","2007JJ00",0,0,0,NA,NA,NA,NA,NA,NA,NA,NA,NA,0,0,0,0,0,0,0,0,0,0
2512,"440900","2008JJ00",0,0,0,NA,NA,NA,NA,NA,NA,NA,NA,NA,0,0,0,0,0,0,0,0,0,0
2513,"440900","2009JJ00",0,0,0,NA,NA,NA,NA,NA,NA,NA,NA,NA,0,0,0,0,0,0,0,0,0,0
2514,"440900","2010JJ00",0,0,0,NA,NA,NA,NA,NA,NA,NA,NA,NA,0,0,0,0,0,0,0,0,0,0
2515,"440900","2011JJ00",0,0,0,NA,NA,NA,NA,NA,NA,NA,NA,NA,0,0,0,0,0,0,0,0,0,0
2516,"440900","2012JJ00",0,0,0,NA,NA,NA,NA,NA,NA,NA,NA,NA,0,0,0,0,0,0,0,0,0,0
2517,"440900","2013JJ00",0,0,0,NA,NA,NA,NA,NA,NA,NA,NA,NA,0,0,0,0,0,0,0,0,0,0
2518,"440900","2014JJ00",0,0,0,NA,NA,NA,NA,NA,NA,NA,NA,NA,0,0,0,0,0,0,0,0,0,0
2519,"440900","2015JJ00",0,0,0,NA,NA,NA,NA,NA,NA,NA,NA,NA,0,0,0,0,NA,NA,0,0,0,0
2520,"toovpo","1995JJ00",1117,1117,0,1371,1371,NA,NA,NA,NA,81.5,81.5,NA,0,0,0,1520,0,1520,0,0,0,0
2521,"toovpo","1996JJ00",1169,1169,0,1418,1418,NA,3.4,3.4,NA,82.4,82.4,NA,0,0,0,1448,0,1448,0,0,0,0
2522,"toovpo","1997JJ00",1225,1225,0,1468,1468,NA,3.5,3.5,NA,83.5,83.5,NA,0,0,0,1264,0,1264,0,0,0,0
2523,"toovpo","1998JJ00",1266,1266,0,1480,1480,NA,0.8,0.8,NA,85.6,85.6,NA,0,0,0,1510,0,1510,0,0,0,0
2524,"toovpo","1999JJ00",1297,1297,0,1516,1516,NA,2.4,2.4,NA,85.6,85.6,NA,0,0,0,1220,0,1220,0,0,0,0
2525,"toovpo","2000JJ00",1344,1344,0,1547,1547,NA,2.1,2.1,NA,86.9,86.9,NA,0,0,0,1271,0,1271,0,0,0,0
2526,"toovpo","2001JJ00",1378,1378,0,1561,1561,NA,0.9,0.9,NA,88.3,88.3,NA,0,0,0,2101,0,2101,0,0,0,0
2527,"toovpo","2002JJ00",1398,1398,0,1554,1554,NA,-0.4,-0.4,NA,89.9,89.9,NA,0,0,0,2492,0,2492,0,0,0,0
2528,"toovpo","2003JJ00",1427,1427,0,1563,1563,NA,0.6,0.6,NA,91.3,91.3,NA,0,0,0,1944,0,1944,0,0,0,0
2529,"toovpo","2004JJ00",1472,1472,0,1610,1610,NA,3,3,NA,91.4,91.4,NA,0,0,0,1789,0,1789,0,0,0,0
2530,"toovpo","2005JJ00",1499,1499,0,1640,1640,NA,1.8,1.8,NA,91.4,91.4,NA,0,0,0,2061,0,2061,0,0,0,0
2531,"toovpo","2006JJ00",1511,1511,0,1626,1626,NA,-0.9,-0.9,NA,92.9,92.9,NA,0,0,0,1630,0,1630,0,0,0,0
2532,"toovpo","2007JJ00",1577,1577,0,1664,1664,NA,2.4,2.4,NA,94.7,94.7,NA,0,0,0,642,0,642,0,0,0,0
2533,"toovpo","2008JJ00",1698,1698,0,1735,1735,NA,4.2,4.2,NA,97.9,97.9,NA,0,0,0,2020,0,2020,0,0,0,0
2534,"toovpo","2009JJ00",1688,1688,0,1700,1700,NA,-2,-2,NA,99.3,99.3,NA,0,0,0,3993,0,3993,0,0,0,0
2535,"toovpo","2010JJ00",1638,1638,0,1638,1638,NA,-3.7,-3.7,NA,100,100,NA,0,0,0,739,0,739,0,0,0,0
2536,"toovpo","2011JJ00",1661,1661,0,1638,1638,NA,0,0,NA,101.4,101.4,NA,0,0,0,1885,0,1885,0,0,0,0
2537,"toovpo","2012JJ00",1630,1630,0,1596,1596,NA,-2.6,-2.6,NA,102.2,102.2,NA,0,0,0,1420,0,1420,0,0,0,0
2538,"toovpo","2013JJ00",1543,1543,0,1507,1507,NA,-5.5,-5.5,NA,102.4,102.4,NA,0,0,0,1938,0,1938,0,0,0,0
2539,"toovpo","2014JJ00",1570,1570,0,1533,1533,NA,1.7,1.7,NA,102.4,102.4,NA,0,0,0,1578,0,1578,0,0,0,0
2540,"toovpo","2015JJ00",1673,1673,0,1624,1624,NA,5.9,5.9,NA,103,103,NA,0,0,0,1664,0,1664,0,0,0,0
2541,"gedneg","1995JJ00",1117,1117,0,1371,1371,NA,NA,NA,NA,81.5,81.5,NA,0,0,0,0,0,0,0,0,0,0
2542,"gedneg","1996JJ00",1169,1169,0,1418,1418,NA,3.4,3.4,NA,82.4,82.4,NA,0,0,0,0,0,0,0,0,0,0
2543,"gedneg","1997JJ00",1225,1225,0,1468,1468,NA,3.5,3.5,NA,83.5,83.5,NA,0,0,0,0,0,0,0,0,0,0
2544,"gedneg","1998JJ00",1266,1266,0,1480,1480,NA,0.8,0.8,NA,85.6,85.6,NA,0,0,0,0,0,0,0,0,0,0
2545,"gedneg","1999JJ00",1297,1297,0,1516,1516,NA,2.4,2.4,NA,85.6,85.6,NA,0,0,0,0,0,0,0,0,0,0
2546,"gedneg","2000JJ00",1344,1344,0,1547,1547,NA,2.1,2.1,NA,86.9,86.9,NA,0,0,0,0,0,0,0,0,0,0
2547,"gedneg","2001JJ00",1378,1378,0,1561,1561,NA,0.9,0.9,NA,88.3,88.3,NA,0,0,0,0,0,0,0,0,0,0
2548,"gedneg","2002JJ00",1398,1398,0,1554,1554,NA,-0.4,-0.4,NA,89.9,89.9,NA,0,0,0,0,0,0,0,0,0,0
2549,"gedneg","2003JJ00",1427,1427,0,1563,1563,NA,0.6,0.6,NA,91.3,91.3,NA,0,0,0,0,0,0,0,0,0,0
2550,"gedneg","2004JJ00",1472,1472,0,1610,1610,NA,3,3,NA,91.4,91.4,NA,0,0,0,0,0,0,0,0,0,0
2551,"gedneg","2005JJ00",1499,1499,0,1640,1640,NA,1.8,1.8,NA,91.4,91.4,NA,0,0,0,0,0,0,0,0,0,0
2552,"gedneg","2006JJ00",1511,1511,0,1626,1626,NA,-0.9,-0.9,NA,92.9,92.9,NA,0,0,0,0,0,0,0,0,0,0
2553,"gedneg","2007JJ00",1577,1577,0,1664,1664,NA,2.4,2.4,NA,94.7,94.7,NA,0,0,0,0,0,0,0,0,0,0
2554,"gedneg","2008JJ00",1698,1698,0,1735,1735,NA,4.2,4.2,NA,97.9,97.9,NA,0,0,0,0,0,0,0,0,0,0
2555,"gedneg","2009JJ00",1688,1688,0,1700,1700,NA,-2,-2,NA,99.3,99.3,NA,0,0,0,0,0,0,0,0,0,0
2556,"gedneg","2010JJ00",1638,1638,0,1638,1638,NA,-3.7,-3.7,NA,100,100,NA,0,0,0,0,0,0,0,0,0,0
2557,"gedneg","2011JJ00",1661,1661,0,1638,1638,NA,0,0,NA,101.4,101.4,NA,0,0,0,0,0,0,0,0,0,0
2558,"gedneg","2012JJ00",1630,1630,0,1596,1596,NA,-2.6,-2.6,NA,102.2,102.2,NA,0,0,0,0,0,0,0,0,0,0
2559,"gedneg","2013JJ00",1543,1543,0,1507,1507,NA,-5.5,-5.5,NA,102.4,102.4,NA,0,0,0,0,0,0,0,0,0,0
2560,"gedneg","2014JJ00",1570,1570,0,1533,1533,NA,1.7,1.7,NA,102.4,102.4,NA,0,0,0,0,0,0,0,0,0,0
2561,"gedneg","2015JJ00",1673,1673,0,1624,1624,NA,5.9,5.9,NA,103,103,NA,0,0,0,0,0,0,0,0,0,0
2562,"vtabtw","1995JJ00",0,0,0,NA,NA,NA,NA,NA,NA,NA,NA,NA,0,0,0,1520,0,1520,0,0,0,0
2563,"vtabtw","1996JJ00",0,0,0,NA,NA,NA,NA,NA,NA,NA,NA,NA,0,0,0,1448,0,1448,0,0,0,0
2564,"vtabtw","1997JJ00",0,0,0,NA,NA,NA,NA,NA,NA,NA,NA,NA,0,0,0,1264,0,1264,0,0,0,0
2565,"vtabtw","1998JJ00",0,0,0,NA,NA,NA,NA,NA,NA,NA,NA,NA,0,0,0,1510,0,1510,0,0,0,0
2566,"vtabtw","1999JJ00",0,0,0,NA,NA,NA,NA,NA,NA,NA,NA,NA,0,0,0,1220,0,1220,0,0,0,0
2567,"vtabtw","2000JJ00",0,0,0,NA,NA,NA,NA,NA,NA,NA,NA,NA,0,0,0,1271,0,1271,0,0,0,0
2568,"vtabtw","2001JJ00",0,0,0,NA,NA,NA,NA,NA,NA,NA,NA,NA,0,0,0,2101,0,2101,0,0,0,0
2569,"vtabtw","2002JJ00",0,0,0,NA,NA,NA,NA,NA,NA,NA,NA,NA,0,0,0,2492,0,2492,0,0,0,0
2570,"vtabtw","2003JJ00",0,0,0,NA,NA,NA,NA,NA,NA,NA,NA,NA,0,0,0,1944,0,1944,0,0,0,0
2571,"vtabtw","2004JJ00",0,0,0,NA,NA,NA,NA,NA,NA,NA,NA,NA,0,0,0,1789,0,1789,0,0,0,0
2572,"vtabtw","2005JJ00",0,0,0,NA,NA,NA,NA,NA,NA,NA,NA,NA,0,0,0,2061,0,2061,0,0,0,0
2573,"vtabtw","2006JJ00",0,0,0,NA,NA,NA,NA,NA,NA,NA,NA,NA,0,0,0,1630,0,1630,0,0,0,0
2574,"vtabtw","2007JJ00",0,0,0,NA,NA,NA,NA,NA,NA,NA,NA,NA,0,0,0,642,0,642,0,0,0,0
2575,"vtabtw","2008JJ00",0,0,0,NA,NA,NA,NA,NA,NA,NA,NA,NA,0,0,0,2020,0,2020,0,0,0,0
2576,"vtabtw","2009JJ00",0,0,0,NA,NA,NA,NA,NA,NA,NA,NA,NA,0,0,0,3993,0,3993,0,0,0,0
2577,"vtabtw","2010JJ00",0,0,0,NA,NA,NA,NA,NA,NA,NA,NA,NA,0,0,0,739,0,739,0,0,0,0
2578,"vtabtw","2011JJ00",0,0,0,NA,NA,NA,NA,NA,NA,NA,NA,NA,0,0,0,1885,0,1885,0,0,0,0
2579,"vtabtw","2012JJ00",0,0,0,NA,NA,NA,NA,NA,NA,NA,NA,NA,0,0,0,1420,0,1420,0,0,0,0
2580,"vtabtw","2013JJ00",0,0,0,NA,NA,NA,NA,NA,NA,NA,NA,NA,0,0,0,1938,0,1938,0,0,0,0
2581,"vtabtw","2014JJ00",0,0,0,NA,NA,NA,NA,NA,NA,NA,NA,NA,0,0,0,1578,0,1578,0,0,0,0
2582,"vtabtw","2015JJ00",0,0,0,NA,NA,NA,NA,NA,NA,NA,NA,NA,0,0,0,1664,0,1664,0,0,0,0
2583,"totaop","1995JJ00",588983,294109,294874,810563,409950,400377,NA,NA,NA,72.7,71.7,73.6,164700,138455,26245,129983,52469,77514,1711,3220,1509,294874
2584,"totaop","1996JJ00",625178,317563,307615,848416,434897,413421,4.7,6.1,3.3,73.7,73,74.4,171076,143731,27345,136898,54545,82353,1089,3297,2208,307615
2585,"totaop","1997JJ00",673217,344740,328477,895049,463785,431254,5.5,6.6,4.3,75.2,74.3,76.2,180613,152989,27624,148563,56842,91721,565,3295,2730,328477
2586,"totaop","1998JJ00",716022,366113,349909,945091,494772,450430,5.6,6.7,4.4,75.8,74,77.7,193708,154596,39112,157740,60092,97648,-29,3443,3472,349909
2587,"totaop","1999JJ00",764029,392224,371805,995314,522718,472791,5.3,5.6,5,76.8,75,78.6,208602,166229,42373,164645,64307,100338,-222,3865,4087,371805
2588,"totaop","2000JJ00",840047,438055,401992,1042953,549963,493296,4.8,5.2,4.3,80.5,79.7,81.5,225800,178225,47575,177410,70031,107379,53,4152,4099,401992
2589,"totaop","2001JJ00",889272,464668,424604,1065863,562587,503601,2.2,2.3,2.1,83.4,82.6,84.3,238391,190976,47415,188324,75517,112807,-10,4586,4596,424604
2590,"totaop","2002JJ00",909727,468139,441588,1062880,559111,504054,-0.3,-0.6,0.1,85.6,83.7,87.6,250067,198430,51637,193876,80232,113644,137,4789,4652,441588
2591,"totaop","2003JJ00",922895,469995,452900,1059951,554382,505713,-0.3,-0.8,0.3,87.1,84.8,89.6,256910,202614,54296,197597,83414,114183,337,4823,4486,452900
2592,"totaop","2004JJ00",956562,489023,467539,1081447,565220,516352,2,2,2.1,88.5,86.5,90.5,260672,204707,55965,208665,85731,122934,-9,5025,5034,467539
2593,"totaop","2005JJ00",1005072,518669,486403,1107438,579966,527651,2.4,2.6,2.2,90.8,89.4,92.2,264776,208631,56145,222776,88769,134007,912,5405,4493,486403
2594,"totaop","2006JJ00",1065771,549785,515986,1147575,601565,546213,3.6,3.7,3.5,92.9,91.4,94.5,274119,218250,55869,242797,92292,150505,700,5458,4758,515986
2595,"totaop","2007JJ00",1132245,584727,547518,1192462,625726,566969,3.9,4,3.8,95,93.4,96.6,290933,231327,59606,257290,96440,160850,-63,5589,5652,547518
2596,"totaop","2008JJ00",1191757,620870,570887,1214891,637126,577990,1.9,1.8,1.9,98.1,97.4,98.8,307355,242160,65195,265723,101072,164651,-171,6053,6224,570887
2597,"totaop","2009JJ00",1142123,588434,553689,1171435,613483,558157,-3.6,-3.7,-3.4,97.5,95.9,99.2,311679,245616,66063,247083,104435,142648,-1080,6548,7628,553689
2598,"totaop","2010JJ00",1178924,611167,567757,1178924,611167,567757,0.6,-0.4,1.7,100,100,100,310471,246542,63929,259005,106982,152023,-980,6762,7742,567757
2599,"totaop","2011JJ00",1238414,658824,579590,1209761,630609,579152,2.6,3.2,2,102.4,104.5,100.1,318040,251715,66325,263698,107068,156630,-263,6985,7248,579590
2600,"totaop","2012JJ00",1255794,671962,583832,1200642,625944,574694,-0.8,-0.7,-0.8,104.6,107.4,101.6,322825,253193,69632,261721,107897,153824,706,7218,6512,583832
2601,"totaop","2013JJ00",1253792,665257,588535,1196560,621189,575515,-0.3,-0.8,0.1,104.8,107.1,102.3,324595,254034,70561,263967,109362,154605,1911,8024,6113,588535
2602,"totaop","2014JJ00",1267298,669884,597414,1216036,631992,584159,1.6,1.7,1.5,104.2,106,102.3,327963,253880,74083,266358,110194,156164,4671,10472,5801,597414
2603,"totaop","2015JJ00",1279096,671236,607860,1244781,651246,593496,2.4,3,1.6,102.8,103.1,102.4,331798,261220,70578,274612,111851,162761,3114,9017,5903,607860
